2 17 22 2                
A24                   
B22                   
CloneA2                   
Kpa24_2                   
Mluc8                   
Kpa16_2                   
CA38                   
CA11                   
Mnatt6                   
G6                   
C112_2                   
MS3D02                   
H23_Mluc                   
B23                   
age                   
agecat_(0-Juvenile_2-Adult)                   
sex(1-fem_2-male)                   
1 0305 0505 0204 1113 0304 0611 0511 0913 0808 0305 0710 0916 1016 0913 2 0 1  
1 0910 0505 0203 1518 0406 0610 0710 0512 0410 0202 0707 1618 1012 0709 2 0 1  
1 0509 0606 0204 1011 0407 0615 0109 1212 0813 0304 0708 1318 1114 0715 2 0 1  
1 0909 0506 0204 1819 0404 0810 0509 0612 0606 0205 0713 0909 1114 0513 3 0 1  
1 0709 0506 0206 0810 0206 0911 0912 1212 0608 0205 0710 0912 1012 0509 3 0 1  
1 0809 0506 0404 1516 0511 0914 0103 1212 0810 0202 0708 0909 1114 0912 3 0 1  
1 0507 0508 0410 1111 0305 0208 0107 1212 0410 0203 0708 1325 1011 1012 3 0 1  
1 0505 0508 0607 0808 0506 0810 0409 0606 0810 0203 0808 0916 0713 1419 5 2 1  
1 0507 0308 0606 0711 0405 0612 0910 0712 0406 0303 0709 1617 1011 0205 5 2 1  
1 0910 0506 0406 0919 0306 0510 0114 0609 0608 0205 0814 0913 1011 0512 4 2 1  
1 0708 0606 0611 0817 0204 1011 0409 0612 0612 0505 0709 0913 1018 0713 4 2 1  
1 0911 0505 0406 1015 0404 0610 0105 0612 0406 0202 1012 0909 0000 0909 4 2 1  
1 0909 0306 0210 1416 0505 0810 0909 1213 1010 0202 0000 0909 1313 0000 4 2 1  
1 0809 0306 0210 1313 0306 1011 0105 0000 0808 0205 0714 0917 1012 0713 4 2 1  
1 0709 0505 0411 0712 0305 0910 0912 0912 0410 0202 0707 0909 0811 0707 9 2 1  
1 0809 0505 0202 1316 0309 0910 0107 0612 0610 0205 0708 0909 0911 1215 2 0 1  
1 0509 0505 0203 1016 0405 0810 0101 1313 0810 0202 0814 0910 1012 0914 2 0 1  
1 0508 0305 1011 0810 0409 0609 1212 0912 1214 0304 0712 1315 1011 1213 2 0 1  
1 0305 0305 0406 0811 0809 0811 0509 0912 0810 0405 0709 1016 1415 0507 2 0 1  
1 0508 0205 0202 1117 0205 0511 0509 0712 0208 0204 0707 1316 1016 1315 2 0 1  
1 0809 0808 0304 1619 0404 0914 0305 1213 1010 0204 0709 0917 1214 1214 2 0 1  
1 0909 0506 0404 1119 0404 0810 0509 1215 0606 0202 0708 0913 1014 1314 2 0 1  
1 0909 0505 0607 0708 0505 0710 0412 1212 0410 0204 0707 1516 1010 0216 2 0 1  
1 0505 0505 0206 1114 0407 0911 0208 0213 0810 0305 0809 0810 1112 0913 6 2 1  
1 0910 0305 0205 0819 0506 0610 0108 0512 0410 0205 0810 0918 1212 0914 1 0 1  
1 0505 0508 0204 0716 0406 0000 0707 1212 0408 0202 0707 0913 1012 1415 1 0 1  
1 0311 0506 0407 1115 0404 0000 0509 1212 0816 0205 0710 1016 1013 1212 12 2 1  
1 0709 0505 0404 1217 0506 1112 0507 1212 1010 0305 0707 0916 1013 0909 14 2 1  
1 0509 0306 0404 0916 0303 0505 0113 0612 0817 0202 0814 0909 1011 0712 13 2 1  
1 0508 0506 0410 1316 0303 1011 0512 0912 0810 0505 0707 0909 1010 1314 12 2 1  
1 0507 0506 0204 1111 0508 0810 0909 0912 0810 0505 0709 0916 1415 0716 9 2 1  
1 0509 0608 0211 1213 0306 0511 0109 0912 0408 0000 0000 1223 0000 0207 8 2 1  
1 0509 0505 0204 1114 0506 0611 0102 1213 0410 0203 0809 1020 1012 0913 6 2 1  
1 0508 0508 0410 1617 0404 0910 0407 0910 0810 0202 0707 0909 1011 1213 15 2 1  
1 0509 0505 0610 1116 0407 0410 0915 1212 1010 0202 0810 0909 1214 0507 15 2 1  
1 0508 0505 0202 1318 0203 1011 0712 0512 0610 0205 0708 0918 1111 1415 11 2 1  
1 0505 0608 0404 0611 0207 0815 0909 0912 1213 0204 0810 1013 1114 1315 13 2 1  
1 0508 0508 0606 1319 0408 0912 0709 0607 1010 0303 0707 0916 1011 0205 13 2 1  
1 0509 0505 0206 1115 0405 0609 0102 0212 0610 0202 0810 0910 1011 0909 12 2 1  
1 0509 0606 0411 1113 0204 1015 0109 0609 0813 0202 1010 1010 1115 1215 9 2 1  
1 0809 0505 0404 0817 0606 1212 0707 1212 0410 0305 0708 0916 0913 0709 2 0 1  
1 0510 0202 0204 0818 0409 0609 1012 1213 0408 0203 0809 1517 1011 0512 8 2 1  
1 0708 0205 0203 1313 0305 0911 0309 0910 0812 0202 0714 0909 0910 0714 10 2 1  
1 0509 0505 0410 1616 0607 0408 0409 1212 0410 0202 0710 0916 1014 0405 10 2 1  
1 0305 0106 0210 1114 0204 0912 0509 1212 0808 0202 0808 1016 0911 0514 7 2 1  
1 0509 0205 1010 0810 0406 0610 0709 0607 0810 0203 0707 0909 1010 0506 7 2 1  
1 0509 0305 0406 1619 0305 0911 0509 0612 0608 0203 0714 0915 1316 0507 8 2 1  
1 0909 0506 0404 1119 0404 0810 0509 1212 0606 0202 0708 0913 1014 1314 7 2 1  
1 0000 0607 0211 0809 0204 0909 0000 0612 1212 0000 0710 0909 0000 0000 7 2 1  
1 0508 0206 0411 0911 0204 0615 0914 0912 0813 0204 0810 1317 1113 1313 6 2 1  
1 0309 0306 0304 1316 0407 0611 0811 0912 0810 0205 0710 0309 1313 0712 6 2 1  
1 0508 0608 0204 0707 0206 0810 0709 0712 0810 0203 0710 1320 1213 0714 6 2 1  
1 0808 0206 0204 0711 0206 1011 0709 0712 0408 0202 0707 0913 1012 1314 6 2 1  
1 0911 0506 0404 0814 0304 0611 0411 1212 0612 0202 0710 0916 1013 0909 6 2 1  
1 0508 0508 0204 1016 0405 0809 0101 1213 1010 0205 0714 0909 1011 1414 6 2 1  
1 0509 0608 0404 1617 0405 0614 0305 0912 0810 0202 0709 0910 0714 1212 6 2 1  
1 0810 0506 0204 1718 0306 1011 0709 0513 0610 0203 0707 1619 1112 0914 6 2 1  
1 0709 0505 0406 0711 0305 0910 0912 1212 1016 0405 0707 1316 1014 0102 5 2 1  
1 0708 0208 0204 0913 0305 0911 0314 1012 0812 0203 0708 0913 0909 1314 5 2 1  
1 0510 0203 0211 0608 0709 0615 0912 0913 0812 0303 0709 1015 0711 1012 5 2 1  
1 0509 0505 0405 1115 0406 0510 0109 1212 0606 0202 0708 0909 1011 1314 5 2 1  
1 0509 0508 0306 1114 0405 1112 0910 1212 0408 0203 0708 0916 0710 1414 5 2 1  
1 0508 0303 0204 1213 0304 0608 0914 0612 0808 0303 0715 0209 1414 1314 5 2 1  
1 0809 0506 0506 1417 0405 0911 0109 1212 0606 0203 0709 0910 1115 0912 5 2 1  
1 0507 0506 0207 1516 0304 0812 0114 1212 1010 0204 0707 0917 1010 0712 5 2 1  
1 0509 0608 0211 1213 0306 0511 0109 0912 0408 0202 0708 1212 0911 0207 5 2 1  
1 0810 0506 0410 1316 0306 1115 0509 0609 0406 0203 0708 0709 0809 0206 5 2 1  
1 0711 0608 0408 1617 0406 0612 0611 1212 0406 0305 0707 0909 0813 0607 5 2 1  
2 0509 0606 0211 1213 0204 1015 0714 0206 0614 0202 0707 0909 0815 0516  2 1  
2 0710 0505 0205 0919 0410 0910 0609 0606 0608 0404 0708 0516 1212 1212  2 1  
2 0910 0606 0211 1112 0204 1011 0514 0213 0814 0203 0707 0917 1515 0716  2 1  
2 0709 0305 0306 0915 0607 0809 0609 0609 0410 0203 0709 0309 0716 0614  2 1  
2 0505 0306 0404 0916 0404 1011 0111 0612 0608 0304 0810 1317 1012 0205  2 1  
2 0509 0506 0204 1116 0405 0000 0000 1212 0406 0304 0809 1016 1314 0213  2 1  
2 0910 0506 0406 0613 0404 0910 0512 1212 0410 0204 0707 0318 1111 0612  2 1  
2 0909 0506 0210 0911 0408 0910 0109 0912 0608 0303 0714 1516 0711 0205  2 1  
2 0910 0508 0411 1216 0404 0910 0809 1212 0608 0304 0910 0909 1011 1314  2 1  
2 0809 0506 0206 1116 0406 0610 0711 0612 0204 0203 0708 0910 0809 0513  2 1  
2 0909 0206 0202 1313 0404 0509 0708 1213 0608 0303 0708 1017 1214 0909  2 2  
2 0809 0506 0210 1116 0408 0915 0109 0612 0610 0303 1014 1516 0711 0514  2 1  
2 0909 0306 0206 0817 0408 0610 0615 1213 0108 0204 0710 1717 1113 0214  2 1  
2 0909 0506 0211 0913 0607 0508 0108 0612 1014 0305 0707 0516 1011 0912  2 1  
2 0507 0608 0210 1416 0405 0811 0102 0912 0412 0404 0810 1616 1114 0513  2 1  
2 0809 0608 0211 1416 0305 0513 0813 0612 0810 0202 0708 0917 1012 0707  2 1  
2 0709 0506 0207 1417 0304 1315 0513 1212 0610 0203 0810 0909 1213 0707  2 1  
2 0909 0505 0606 1213 0608 0408 0709 0213 0406 0202 0707 0913 1414 0205  2 1  
2 1011 0505 0404 1516 0407 1011 0708 1212 0808 0303 0710 0909 1116 0614  2 1  
2 0511 0505 0410 1316 0304 0409 0110 1212 0808 0303 0707 0909 0812 0207  2 1  
2 0507 0505 0410 1116 0506 0911 0108 0612 0412 0304 0707 0909 1317 0506  2 1  
2 0105 0205 0411 1416 0206 0410 0708 0506 0614 0202 0710 0309 0710 0616  2 1  
2 0711 0506 0610 1314 0304 0609 0113 1212 0608 0303 0708 0909 0810 0214  2 1  
2 0508 0506 0204 0916 0405 1011 0105 0613 0606 0303 0710 1313 0712 0213  2 1  
2 0509 0306 0202 1317 0405 0610 1114 0206 0406 0204 0707 0914 0708 0509  2 1  
2 0909 0505 0406 1315 0608 0409 0507 0209 0610 0202 0707 0916 1214 0205  2 1  
2 0505 0508 0404 1118 0203 0609 1112 1213 0408 0204 0713 0916 1314 1416  2 1  
2 0809 0606 0202 1116 0408 0915 0101 0609 0610 0303 1014 1617 0711 0514  2 1  
2 0809 0506 0204 1114 0507 0611 0105 0912 0608 0405 0910 0910 1113 0205  2 1  
2 0910 0608 0204 0814 0306 0608 0606 0212 0808 0204 0709 0717 0711 0914  2 1  
2 0508 0405 0404 1314 0205 0812 0711 1212 0608 0303 0709 0920 1112 1419  2 2  
2 0909 0508 0207 1314 0406 0509 1011 1212 0412 0303 0708 1010 1112 1414  2 1  
2 0909 0506 0207 1013 0405 1015 0809 0912 0614 0303 0813 0918 1013 0710  2 2  
2 0609 0506 0404 0813 0404 0608 0207 0609 0612 0203 0707 0910 0712 0209  2 1  
2 0511 0505 0204 1616 0505 0614 1013 1213 0406 0205 0708 0910 1111 0916  2 2  
2 0909 0306 0606 1416 0405 0511 0109 1212 0410 0305 0708 0912 1112 0513  2 1  
2 0508 0306 0406 1212 0206 0810 0510 0612 1010 0202 0708 1112 0707 1414  2 2  
2 0507 0506 0606 0819 0405 1212 1011 0607 0612 0202 0707 0911 0713 0414  2 2  
2 0505 0305 0611 1314 0505 0912 1111 0606 0406 0305 0707 0909 0707 0409  2 1  
2 0909 0308 0407 0913 0505 0415 0108 0609 0608 0203 0913 1015 0711 0507  2 1  
2 0109 0608 0405 1113 0404 0508 0209 0913 0410 0203 0811 0213 1212 0214  2 1  
2 0911 0206 0404 0619 0305 1010 1115 0912 0812 0203 0707 1616 1010 0216  2 1  
2 0909 0506 0204 1112 0608 0914 0510 0809 0609 0505 0707 0909 0000 1314  2 2  
2 0809 0405 0407 1116 0608 0609 1011 1212 0808 0202 0708 0719 0712 0405  2 2  
2 1011 0508 0202 1113 0406 0617 0709 0613 0410 0305 0707 0909 1012 1316  2 1  
2 0511 0508 0204 0909 0405 1213 0809 0213 1012 0203 0707 1016 1117 1414  2 1  
2 0708 0506 0204 1314 0204 0509 0913 1213 0608 0203 0708 0910 1012 1416  2 1  
2 0509 0506 0610 1112 0405 0911 1011 0809 1012 0202 0808 0909 0714 0610  2 1  
2 0810 0107 0206 0613 0405 0610 0112 0606 0608 0405 0410 1010 1016 1415  2 2  
2 1011 0303 0304 1013 0506 0609 0910 0912 0412 0203 0707 0916 1111 0407  2 2  
2 0509 0206 0404 0916 0408 0612 0911 0609 0606 0205 0708 1016 1117 0214  2 1  
2 0911 0507 0404 1316 0508 1414 0110 1212 0610 0203 0708 0909 1011 1516  2 1  
2 0709 0303 0310 0616 0308 0410 0209 0912 0204 0205 0708 0918 0717 1414  2 2  
2 0809 0506 0202 1618 0206 0512 0113 0913 0810 0203 0407 0909 1013 1516  2 2  
2 0505 0308 0210 1213 0506 0512 0102 0912 0406 0203 0707 1016 1113 1314  2 1  
2 0508 0506 0404 1115 0404 0911 0709 0612 1010 0303 0809 1617 1011 1314  2 2  
2 0909 0506 0202 1619 0607 1012 0409 1212 1012 0203 0707 1318 0711 0414  2 2  
2 0509 0505 0204 1616 0305 0911 0508 1212 0606 0203 0707 1024 1112 1214  2 1  
2 0709 0506 0404 1418 0508 1011 0609 0912 0812 0203 0707 0909 0710 0209  2 1  
2 0103 0103 0202 1319 0405 0409 0913 1212 0812 0303 0711 0209 0707 0513  2 2  
2 0508 0307 0406 0812 0405 0211 0911 0712 0000 0305 0707 1216 1011 0214  2 1  
2 0509 0606 0406 1314 0405 0414 1008 0101 0000 0203 0714 1010 1011 0215  2 2  
2 0810 0305 0204 1214 0408 0205 0910 1212 0404 0505 0707 1223 1010 0202  2 2  
2 0105 0506 0204 1314 0307 0609 0913 1212 0210 0202 0707 0913 0910 1314  2 1  
2 0910 0608 0410 1113 0405 1218 0209 0212 1010 0203 0707 0910 1112 0414  2 1  
2 0910 0506 0206 1314 0505 1111 0507 0913 0406 0202 0710 0916 0711 1414  2 2  
2 0909 0306 0404 0814 0304 1213 0913 0912 1010 0202 0710 0910 1113 0514  2 2  
2 0509 0607 0204 1316 0306 1112 0909 0612 0204 0203 0708 1017 1212 0615  2 2  
2 0508 0606 0304 1313 0405 1011 0411 1212 0814 0203 0707 0917 1212 0714  2 2  
2 0809 0506 0206 1313 0408 1012 0408 0606 0610 0000 0707 0910 0712 1014  2 2  
2 0509 0506 0206 0911 0506 1011 0210 1212 1012 0203 0708 0909 1112 1417  2 2  
2 0509 0506 0406 0609 0404 1010 0809 0412 0000 0203 1010 1010 1010 1214  2 1  
2 0809 0205 0404 0909 0405 1010 0108 1213 0608 0202 0709 0909 1010 0509  2 1  
2 0508 0608 0203 1515 0406 0609 0114 0612 0812 0202 0710 1313 1011 1314  2 1  
2 0508 0608 0305 0610 0000 0606 0211 0612 0410 0303 0710 0909 1012 0713  2 1  
2 0708 0608 0606 1317 0405 0510 0410 1306 0613 0204 0708 0909 0717 1314  2 2  
2 0809 0608 0606 0913 0606 0911 0215 0707 0608 0203 0710 1217 0914 0214  2 1  
2 0510 0205 0411 0709 0306 1010 0709 1212 0810 0203 0710 0910 0711 1516  2 1  
2 0509 0506 0406 1013 0406 0511 0708 0612 0406 0202 0708 1017 0911 0214  2 1  
2 0505 0608 0606 1214 0406 1011 0102 0212 0613 0205 0810 0911 1112 1216  2 1  
2 0509 0606 0406 1011 0405 0508 0711 0612 0606 0202 0707 0910 0913 1314  2 1  
2 0709 0308 0206 0608 0206 1415 0102 1209 0813 0202 0708 1115 0910 0909  2 1  
2 0509 0506 0611 1015 0404 0811 0105 1212 0406 0205 1010 0909 1112 0214  2 1  
2 0510 0505 0306 0000 0305 0810 0000 0612 0410 0205 0708 0917 1213 1416  2 1  
2 0508 0305 0606 0611 0404 0808 0909 0702 1004 0205 0709 1314 1111 0916  2 1  
2 0709 0505 0310 1013 0204 0509 0111 0613 1010 0202 0708 0911 0910 0214  2 1  
2 0507 0305 0410 1015 0608 0910 0207 1212 1012 0202 0814 0914 1011 0717  2 1  
2 0507 0505 0406 1013 0506 0811 0708 0206 0410 0507 0910 0911 1212 0204  2 1  
2 0809 0608 0506 0810 0206 0506 1011 0612 1010 0203 0707 0909 0000 0507  2 1  
2 0709 0505 0606 1014 0410 0406 0212 1210 0612 0205 0814 0917 1015 0202  2 1  
2 0307 0306 0304 1717 0203 0610 0609 0612 0610 0304 0710 0914 1012 0914  2 1  
2 0505 0506 0204 0716 0405 0809 0209 1206 0410 0205 0710 0909 1011 0712  2 1  
2 0808 0608 0306 0513 0404 0910 0210 0602 0608 0205 0607 0909 1418 1214  2 1  
2 0505 0506 0411 1116 0404 0406 0914 0413 0410 0303 0710 0909 1112 0514  2 1  
2 0508 0608 0606 1313 0407 0510 0204 0207 0613 0505 0708 0909 0717 1314  2 1  
2 0507 0505 0606 1116 0405 0810 0709 0607 0406 0503 0708 0917 1112 1317  2 1  
2 0505 0508 0202 1116 0405 1010 0910 0406 0408 0204 0910 0910 1112 1212  2 1  
2 0505 0505 0411 0717 0306 0609 0000 0612 0810 0202 0910 0909 1010 1616  2 1  
2 0809 0508 0410 1617 0708 0808 0404 1006 1014 0203 0707 0909 1215 0506  2 1  
2 0507 0608 0204 0914 0708 0910 0712 1206 1012 0202 0710 1016 1011 1313  2 1  
2 0809 0506 0306 1315 0404 0910 0714 0612 0608 0202 0610 0913 1111 1314  2 1  
2 0509 0506 0406 1015 0405 0809 0209 0606 0608 0205 0708 0909 1112 0202  2 1  
2 0305 0506 0406 0916 0405 0410 0409 1204 1012 0303 0710 0909 1012 0614  2 1  
2 0508 0606 0610 1112 0405 0812 0109 1212 0613 0203 0708 0909 0611 0913  2 1  
2 0507 0205 0410 0715 0506 0609 1717 1215 1010 0202 1010 0909 1011 1316  2 2  
2 0505 0506 0204 1016 0405 0910 0205 0412 0413 0205 1013 0909 0711 1012  2 2  
2 0509 0505 0406 1017 0406 0809 0808 0209 0810 0404 0708 0509 1113 0204  2 2  
2 0708 0205 0606 0717 0405 0612 0912 0912 0612 0203 0708 1216 0710 1214  2 1  
2 0509 0305 0204 1416 0208 0609 0107 0409 0406 0202 0708 0916 1012 0213  2 1  
2 0510 0306 0606 1317 0506 1011 0512 1213 0810 0303 0708 0910 1011 0713  2 1  
2 0505 0205 0610 0808 0305 0406 1013 0612 0810 0203 0808 1014 1014 0709  2 1  
2 0910 0606 0406 1011 0000 0608 0110 0612 0410 0203 0707 0909 0708 0216  2 1  
2 0809 0507 1010 1516 0506 0808 1212 0712 0810 0203 0808 1313 0811 0915  2 1  
2 0909 0205 0306 1116 0304 0608 0510 0509 1212 0305 0708 0914 0810 0707  2 1  
2 0507 0505 0405 0808 0407 0506 0110 0912 0810 0203 0708 0920 0710 0707  2 1  
2 0809 0303 0310 0813 0405 0610 0813 0709 0608 0305 0707 0909 1014 0913  2 1  
2 0708 0505 0306 0616 0405 0808 0812 0207 0608 0304 0708 0509 1214 0209  2 1  
2 0508 0305 1010 0608 0305 0610 1213 0606 0808 0202 0708 1013 1414 0916  2 1  
2 0505 0507 0204 1318 0305 0608 0813 0607 0410 0206 0714 0913 1111 0909  2 1  
2 0105 0508 0510 0708 0408 0511 1012 0912 1010 0202 0707 0920 0711 0714  2 1  
2 0505 0305 0606 0617 0405 0406 0413 0213 0406 0202 0707 1113 1111 0202  2 1  
2 0508 0708 0606 1213 0506 0506 0410 0612 0608 0505 0607 0913 1112 1414  2 1  
2 0909 0205 0306 1116 0304 0608 0510 0509 1212 0305 0708 0914 0810 0707  2 1  
2 0505 0507 0506 1113 0405 0508 0512 1212 0404 0202 0708 0917 1011 0214  2 1  
2 0508 0505 0606 0618 0406 0511 0112 0713 0808 0202 0707 1415 0710 0207  2 1  
2 0507 0506 0202 1013 0407 0505 0110 0506 0812 0304 0710 0909 1014 0514  2 1  
2 0509 0505 0406 1121 0305 0508 1215 1306 0813 0205 0707 0915 1011 0713  2 1  
2 0809 0506 0406 1112 0405 0608 1212 0612 0614 0203 0708 0915 0611 1315  2 2  
2 0809 0305 0000 0606 0405 0811 0812 0712 0208 0405 0707 0916 1014 0216  2 1  
2 0511 0507 0306 1318 0406 0506 0112 1209 0408 0506 0810 0910 1112 0507  2 1  
2 0508 0506 0203 1321 0506 0810 0513 0612 1010 0202 0710 1215 0914 1314  2 2  
2 0909 0505 0306 0713 0305 0506 0810 0909 1012 0205 0710 0913 0507 0214  2 1  
2 0708 0505 0306 0616 0405 0808 0812 0702 0608 0304 0708 0509 1214 0209  2 1  
2 0509 0208 0506 0713 0407 0512 0512 0909 0610 0205 0716 0909 0711 0914  2 1  
2 0809 0303 0310 0813 0405 0610 0813 0709 0608 0305 0707 0909 1014 0913  2 1  
2 0509 0505 0406 1118 0304 0511 0712 0713 0808 0202 0707 0915 1010 0707  2 1  
2 0505 0506 0405 0813 0406 0505 0105 1212 0410 0205 0707 0909 1111 0209  2 2  
2 0505 0305 0606 0617 0405 0406 0413 1302 0406 0202 0707 1113 1111 0202  2 1  
2 0609 0305 0910 0813 0507 1112 0510 0913 0606 0505 0710 0309 0710 0513  2 1  
2 0909 0508 0206 1215 0404 0513 0309 0912 0606 0303 0711 1013 1115 0514  2 1  
2 0809 0506 0606 1016 0508 1213 0507 1212 0610 0303 0808 1513 1116 1113  2 1  
2 0509 0506 0406 0812 0305 0613 0103 0609 0606 0305 0707 0913 1012 0513  2 1  
2 0509 0508 0406 1721 0707 0508 0108 1212 1010 0204 0710 1014 1112 0513  2 1  
2 0509 0508 0404 1313 0505 0813 0913 0612 0608 0303 0707 0915 0407 0214  2 1  
2 0509 0205 0204 0616 0507 1112 0913 1206 0412 0203 0708 0909 0713 1314  2 1  
2 0509 0305 0408 1317 0505 0206 0910 0913 0404 0205 0707 1516 1216 1314  2 1  
2 0509 0506 0206 0812 0404 0913 0308 0609 0606 0303 0707 0913 0714 0513  2 1  
2 0101 0608 0206 1617 0508 0515 0107 0612 0408 0203 0707 0309 0713 0514  2 1  
2 0509 0505 0206 1417 0707 0810 0708 1212 0610 0204 1011 1015 1212 0507  2 1  
2 0309 0506 0306 1517 0707 0609 0000 0213 0206 0204 0810 0910 0715 0213  2 1  
2 0709 0205 0406 0918 0506 0812 0407 1213 0608 0203 0709 0915 1112 0413  2 1  
2 0109 0506 0202 1111 0405 0615 0109 0909 0608 0203 0810 1114 0714 0506  2 1  
2 0909 0505 0406 1318 0505 0613 0104 1207 0608 0202 0707 0309 0414 0609  2 1  
2 0709 0808 0606 0613 0406 0809 0413 1212 0612 0303 0707 0915 1113 0411  2 1  
2 0709 0205 0406 0913 0606 0612 0709 0213 0808 0303 0910 1516 1112 0204  2 1  
2 0509 0508 0206 0813 0506 0811 0212 1213 0406 0203 0708 0915 1014 1314  2 1  
2 0505 0308 0304 1313 0505 0813 1313 0612 0606 0202 0707 0911 0407 1113  2 1  
2 0609 0205 0606 1516 0307 0610 0508 0710 0202 0206 0810 0918 0707 0205  2 1  
2 0507 0508 0406 0615 0304 0808 0413 1212 0812 0203 0707 0909 1011 0405  2 1  
2 0109 0205 0204 1516 0509 1010 0909 0909 0608 0205 0810 1415 1314 0509  2 1  
2 0607 0808 0410 0813 0505 0512 0710 0613 0608 0305 0709 1013 1011 0205  2 1  
2 0909 0205 0206 0609 0606 1213 0409 1213 0808 0303 0709 0915 0411 0414  2 1  
2 0708 0206 0606 1013 0509 1013 0405 1312 0406 0305 0708 1314 0711 0513  2 1  
2 0709 0506 0606 0808 0404 1113 0318 0913 0610 0305 0708 1317 1214 0513  2 1  
2 0508 0506 0212 1016 0305 1015 0606 0209 0612 0304 0707 0909 0508 0213  2 1  
2 0909 0508 0207 0617 0505 0911 0808 0912 0610 0205 0707 0917 1010 0613  2 1  
2 0910 0305 0203 1515 0406 0511 0304 1212 0606 0203 0708 0910 0411 0513  2 1  
2 0709 0505 0210 1117 0405 1215 0110 0912 0608 0203 0809 0414 0712 0606  2 1  
2 0507 0205 0606 0815 0303 1115 0408 0612 0608 0205 0712 1015 1113 0613  2 2  
2 0109 0508 0306 1617 0508 0811 0710 0712 0406 0305 0710 0915 0513 0513  2 1  
2 0709 0305 0610 1016 0406 0910 0709 0212 0202 0202 0708 0917 1116 0207  2 1  
2 0309 0506 0308 0910 0308 0909 0909 1212 0810 0202 0808 0913 0709 0514  2 2  
2 0909 0608 0512 0809 0506 0509 0714 1213 0606 0303 0708 0909 0811 0205  2 2  
2 0710 0606 0808 0816 0506 0512 1016 0612 0408 0202 1011 0909 0708 0214  2 2  
2 0509 0505 0606 1010 0507 1112 0909 1206 1111 0303 0711 1717 1111 0205  0 1  
2 0509 0505 0412 1617 0405 0913 0710 1212 0406 0305 0809 1317 0707 1214  2 1  
2 0810 0505 0204 1321 0404 0910 0512 0912 1014 0303 0707 1014 0711 0209  0 2  
2 0610 0508 0612 1214 0405 0910 0913 1212 0212 0203 0710 0914 1115 0912  0 2  
2 0509 0505 0410 1416 0508 0506 0912 1309 1010 0203 0707 0909 1011 0202  0 2  
2 0508 0205 0213 1116 0308 1113 0000 1012 1010 0203 0707 0909 1011 0514  0 1  
2 0507 0606 0413 1216 0405 1112 0709 0610 0810 0303 0808 0913 1112 1314  2 1  
2 0909 0505 0304 1616 0404 0611 0713 0613 0206 0203 0708 1721 0412 0913  0 1  
2 0909 0505 0406 0716 0405 1111 0913 0913 0210 0203 0816 1717 1012 0213  2 1  
2 0507 0808 0512 0607 0507 1011 0709 0609 0212 0203 0708 1517 1212 0414  2 1  
2 0708 0505 0206 1616 0508 0610 1010 0612 0412 0505 0708 0915 0710 1414  2 1  
2 0309 0505 0202 1111 0404 0000 0909 0606 0808 0202 0000 1010 0707 0202  2 1  
2 0709 0506 0412 0713 0507 0911 0713 0909 0202 0302 0708 1018 1313 0216  2 1  
2 0505 0508 0613 1320 0404 0911 0712 0606 0202 0205 0714 1018 1213 0516  0 1  
2 0505 0505 0406 1414 0405 0510 1309 0000 0408 0202 0808 1017 1314 0202  0 1  
2 0409 0505 0303 1414 0404 1111 0408 1212 0810 0205 0707 2109 0404 0513  2 1  
2 0505 0505 0606 1620 0507 1011 1212 0913 1011 0303 0707 1315 0911 0213  2 1  
2 0107 0505 0313 1616 0405 0511 0707 0613 0808 0203 0707 1010 0309 0213  2 1  
                   
                   
                   
                   
                   
                   
                   
                   
                   
                   
                   
                   
                   
                   
                   
                   
                   
                   
                   
                   
                   
                   
                   
                   
                   
                   
                   
                   
                   
                   
                   
                   
                   
                   
                   
                   
                   
                   
                   
                   
                   
                   
                   
                   
                   
                   
                   
                   
                   
                   
                   
                   
                   
                   
                   
                   
                   
                   
                   
                   
                   
                   
                   
                   
                   
                   
                   
                   
                   
