2 14 22 2              
A24                 
B22                 
CloneA2                 
Kpa24_2                 
Mluc8                 
Kpa16_2                 
CA38                 
CA11                 
Mnatt6                 
G6                 
C112_2                 
MS3D02                 
H23_Mluc                 
B23                 
1 0204 0505 0103 0709 0203 0409 0511 0811 0505 0204 0306 0714 0814 0711 2 0 1
1 0809 0505 0102 1114 0305 0408 0710 0410 0307 0101 0303 1416 0810 0607 2 0 1
1 0408 0606 0103 0607 0306 0413 0109 1010 0510 0203 0304 1116 0912 0613 2 0 1
1 0808 0506 0103 1415 0303 0608 0509 0510 0404 0104 0309 0707 0912 0411 3 0 1
1 0608 0506 0105 0406 0105 0709 0912 1010 0405 0104 0306 0710 0810 0407 3 0 1
1 0708 0506 0303 1112 0410 0712 0103 1010 0507 0101 0304 0707 0912 0710 3 0 1
1 0406 0508 0309 0707 0204 0106 0107 1010 0307 0102 0304 1122 0809 0810 3 0 1
1 0404 0508 0506 0404 0405 0608 0409 0505 0507 0102 0404 0714 0511 1216 5 2 1
1 0406 0308 0505 0307 0304 0410 0910 0610 0304 0202 0305 1415 0809 0204 5 2 1
1 0809 0506 0305 0515 0205 0308 0114 0508 0405 0104 0410 0711 0809 0410 4 2 1
1 0607 0606 0510 0413 0103 0809 0409 0510 0409 0404 0305 0711 0816 0611 4 2 1
1 0810 0505 0305 0611 0303 0408 0105 0510 0304 0101 0608 0707 0000 0707 4 2 1
1 0808 0306 0109 1012 0404 0608 0909 1011 0707 0101 0000 0707 1111 0000 4 2 1
1 0708 0306 0109 0909 0205 0809 0105 0000 0505 0104 0310 0715 0810 0611 4 2 1
1 0608 0505 0310 0308 0204 0708 0912 0810 0307 0101 0303 0707 0609 0606 9 2 1
1 0708 0505 0101 0912 0208 0708 0107 0510 0407 0104 0304 0707 0709 1013 2 0 1
1 0408 0505 0102 0612 0304 0608 0101 1111 0507 0101 0410 0708 0810 0712 2 0 1
1 0407 0305 0910 0406 0308 0407 1212 0810 0911 0203 0308 1113 0809 1011 2 0 1
1 0204 0305 0305 0407 0708 0609 0509 0810 0507 0304 0305 0814 1213 0406 2 0 1
1 0407 0205 0101 0713 0104 0309 0509 0610 0205 0103 0303 1114 0814 1113 2 0 1
1 0708 0808 0203 1215 0303 0712 0305 1011 0707 0103 0305 0715 1012 1012 2 0 1
1 0808 0506 0303 0715 0303 0608 0509 1012 0404 0101 0304 0711 0812 1112 2 0 1
1 0808 0505 0506 0304 0404 0508 0412 1010 0307 0103 0303 1314 0808 0214 2 0 1
1 0404 0505 0105 0710 0306 0709 0208 0211 0507 0204 0405 0608 0910 0711 6 2 1
1 0809 0305 0104 0415 0405 0408 0108 0410 0307 0104 0406 0716 1010 0712 1 0 1
1 0404 0508 0103 0312 0305 0000 0707 1010 0305 0101 0303 0711 0810 1213 1 0 1
1 0210 0506 0306 0711 0303 0000 0509 1010 0512 0104 0306 0814 0811 1010 12 2 1
1 0608 0505 0303 0813 0405 0910 0507 1010 0707 0204 0303 0714 0811 0707 14 2 1
1 0408 0306 0303 0512 0202 0303 0113 0510 0513 0101 0410 0707 0809 0610 13 2 1
1 0407 0506 0309 0912 0202 0809 0512 0810 0507 0404 0303 0707 0808 1112 12 2 1
1 0406 0506 0103 0707 0407 0608 0909 0810 0507 0404 0305 0714 1213 0614 9 2 1
1 0408 0608 0110 0809 0205 0309 0109 0810 0305 0000 0000 1020 0000 0206 8 2 1
1 0408 0505 0103 0710 0405 0409 0102 1011 0307 0102 0405 0818 0810 0711 6 2 1
1 0407 0508 0309 1213 0303 0708 0407 0809 0507 0101 0303 0707 0809 1011 15 2 1
1 0408 0505 0509 0712 0306 0208 0915 1010 0707 0101 0406 0707 1012 0406 15 2 1
1 0407 0505 0101 0914 0102 0809 0712 0410 0407 0104 0304 0716 0909 1213 11 2 1
1 0404 0608 0303 0207 0106 0613 0909 0810 0910 0103 0406 0811 0912 1113 13 2 1
1 0407 0508 0505 0915 0307 0710 0709 0506 0707 0202 0303 0714 0809 0204 13 2 1
1 0408 0505 0105 0711 0304 0407 0102 0210 0407 0101 0406 0708 0809 0707 12 2 1
1 0408 0606 0310 0709 0103 0813 0109 0508 0510 0101 0606 0808 0913 1013 9 2 1
1 0708 0505 0303 0413 0505 1010 0707 1010 0307 0204 0304 0714 0711 0607 2 0 1
1 0409 0202 0103 0414 0308 0407 1012 1011 0305 0102 0405 1315 0809 0410 8 2 1
1 0607 0205 0102 0909 0204 0709 0309 0809 0509 0101 0310 0707 0708 0612 10 2 1
1 0408 0505 0309 1212 0506 0206 0409 1010 0307 0101 0306 0714 0812 0304 10 2 1
1 0204 0106 0109 0710 0103 0710 0509 1010 0505 0101 0404 0814 0709 0412 7 2 1
1 0408 0205 0909 0406 0305 0408 0709 0506 0507 0102 0303 0707 0808 0405 7 2 1
1 0408 0305 0305 1215 0204 0709 0509 0510 0405 0102 0310 0713 1114 0406 8 2 1
1 0808 0506 0303 0715 0303 0608 0509 1010 0404 0101 0304 0711 0812 1112 7 2 1
1 0000 0607 0110 0405 0103 0707 0000 0510 0909 0000 0306 0707 0000 0000 7 2 1
1 0407 0206 0310 0507 0103 0413 0914 0810 0510 0103 0406 1115 0911 1111 6 2 1
1 0208 0306 0203 0912 0306 0409 0811 0810 0507 0104 0306 0207 1111 0610 6 2 1
1 0407 0608 0103 0303 0105 0608 0709 0610 0507 0102 0306 1118 1011 0612 6 2 1
1 0707 0206 0103 0307 0105 0809 0709 0610 0305 0101 0303 0711 0810 1112 6 2 1
1 0810 0506 0303 0410 0203 0409 0411 1010 0409 0101 0306 0714 0811 0707 6 2 1
1 0407 0508 0103 0612 0304 0607 0101 1011 0707 0104 0310 0707 0809 1212 6 2 1
1 0408 0608 0303 1213 0304 0412 0305 0810 0507 0101 0305 0708 0512 1010 6 2 1
1 0709 0506 0103 1314 0205 0809 0709 0411 0407 0102 0303 1417 0910 0712 6 2 1
1 0608 0505 0305 0307 0204 0708 0912 1010 0712 0304 0303 1114 0812 0102 5 2 1
1 0607 0208 0103 0509 0204 0709 0314 0910 0509 0102 0304 0711 0707 1112 5 2 1
1 0409 0203 0110 0204 0608 0413 0912 0811 0509 0202 0305 0813 0509 0810 5 2 1
1 0408 0505 0304 0711 0305 0308 0109 1010 0404 0101 0304 0707 0809 1112 5 2 1
1 0408 0508 0205 0710 0304 0910 0910 1010 0305 0102 0304 0714 0508 1212 5 2 1
1 0407 0303 0103 0809 0203 0406 0914 0510 0505 0202 0311 0107 1212 1112 5 2 1
1 0708 0506 0405 1013 0304 0709 0109 1010 0404 0102 0305 0708 0913 0710 5 2 1
1 0406 0506 0106 1112 0203 0610 0114 1010 0707 0103 0303 0715 0808 0610 5 2 1
1 0408 0608 0110 0809 0205 0309 0109 0810 0305 0101 0304 1010 0709 0206 5 2 1
1 0709 0506 0309 0912 0205 0913 0509 0508 0304 0102 0304 0507 0607 0205 5 2 1
1 0610 0608 0307 1213 0305 0410 0611 1010 0304 0204 0303 0707 0611 0506 5 2 1
2 0408 0606 0110 0809 0103 0813 0714 0205 0411 0101 0303 0707 0613 0414  2 1
2 0609 0505 0104 0515 0309 0708 0609 0505 0405 0303 0304 0414 1010 1010  2 1
2 0809 0606 0110 0708 0103 0809 0514 0211 0511 0102 0303 0715 1313 0614  2 1
2 0608 0305 0205 0511 0506 0607 0609 0508 0307 0102 0305 0207 0514 0512  2 1
2 0404 0306 0303 0512 0303 0809 0111 0510 0405 0203 0406 1115 0810 0204  2 1
2 0408 0506 0103 0712 0304 0000 0000 1010 0304 0203 0405 0814 1112 0211  2 1
2 0809 0506 0305 0209 0303 0708 0512 1010 0307 0103 0303 0216 0909 0510  2 1
2 0808 0506 0109 0507 0307 0708 0109 0810 0405 0202 0310 1314 0509 0204  2 1
2 0809 0508 0310 0812 0303 0708 0809 1010 0405 0203 0506 0707 0809 1112  2 1
2 0708 0506 0105 0712 0305 0408 0711 0510 0203 0102 0304 0708 0607 0411  2 1
2 0808 0206 0101 0909 0303 0307 0708 1011 0405 0202 0304 0815 1012 0707  2 2
2 0708 0506 0109 0712 0307 0713 0109 0510 0407 0202 0610 1314 0509 0412  2 1
2 0808 0306 0105 0413 0307 0408 0615 1011 0105 0103 0306 1515 0911 0212  2 1
2 0808 0506 0110 0509 0506 0306 0108 0510 0711 0204 0303 0414 0809 0710  2 1
2 0406 0608 0109 1012 0304 0609 0102 0810 0309 0303 0406 1414 0912 0411  2 1
2 0708 0608 0110 1012 0204 0311 0813 0510 0507 0101 0304 0715 0810 0606  2 1
2 0608 0506 0106 1013 0203 1113 0513 1010 0407 0102 0406 0707 1011 0606  2 1
2 0808 0505 0505 0809 0507 0206 0709 0211 0304 0101 0303 0711 1212 0204  2 1
2 0910 0505 0303 1112 0306 0809 0708 1010 0505 0202 0306 0707 0914 0512  2 1
2 0410 0505 0309 0912 0203 0207 0110 1010 0505 0202 0303 0707 0610 0206  2 1
2 0406 0505 0309 0712 0405 0709 0108 0510 0309 0203 0303 0707 1115 0405  2 1
2 0104 0205 0310 1012 0105 0208 0708 0405 0411 0101 0306 0207 0508 0514  2 1
2 0610 0506 0509 0910 0203 0407 0113 1010 0405 0202 0304 0707 0608 0212  2 1
2 0407 0506 0103 0512 0304 0809 0105 0511 0404 0202 0306 1111 0510 0211  2 1
2 0408 0306 0101 0913 0304 0408 1114 0205 0304 0103 0303 0712 0506 0407  2 1
2 0808 0505 0305 0911 0507 0207 0507 0208 0407 0101 0303 0714 1012 0204  2 1
2 0404 0508 0303 0714 0102 0407 1112 1011 0305 0103 0309 0714 1112 1214  2 1
2 0708 0606 0101 0712 0307 0713 0101 0508 0407 0202 0610 1415 0509 0412  2 1
2 0708 0506 0103 0710 0406 0409 0105 0810 0405 0304 0506 0708 0911 0204  2 1
2 0809 0608 0103 0410 0205 0406 0606 0210 0505 0103 0305 0515 0509 0712  2 1
2 0407 0405 0303 0910 0104 0610 0711 1010 0405 0202 0305 0718 0910 1216  2 2
2 0808 0508 0106 0910 0305 0307 1011 1010 0309 0202 0304 0808 0910 1212  2 1
2 0808 0506 0106 0609 0304 0813 0809 0810 0411 0202 0409 0716 0811 0608  2 2
2 0508 0506 0303 0409 0303 0406 0207 0508 0409 0102 0303 0708 0510 0207  2 1
2 0410 0505 0103 1212 0404 0412 1013 1011 0304 0104 0304 0708 0909 0714  2 2
2 0808 0306 0505 1012 0304 0309 0109 1010 0307 0204 0304 0710 0910 0411  2 1
2 0407 0306 0305 0808 0105 0608 0510 0510 0707 0101 0304 0910 0505 1212  2 2
2 0406 0506 0505 0415 0304 1010 1011 0506 0409 0101 0303 0709 0511 0312  2 2
2 0404 0305 0510 0910 0404 0710 1111 0505 0304 0204 0303 0707 0505 0307  2 1
2 0808 0308 0306 0509 0404 0213 0108 0508 0405 0102 0509 0813 0509 0406  2 1
2 0108 0608 0304 0709 0303 0306 0209 0811 0307 0102 0407 0111 1010 0212  2 1
2 0810 0206 0303 0215 0204 0808 1115 0810 0509 0102 0303 1414 0808 0214  2 1
2 0808 0506 0103 0708 0507 0712 0510 0708 0406 0404 0303 0707 0000 1112  2 2
2 0708 0405 0306 0712 0507 0407 1011 1010 0505 0101 0304 0517 0510 0304  2 2
2 0910 0508 0101 0709 0305 0414 0709 0511 0307 0204 0303 0707 0810 1114  2 1
2 0410 0508 0103 0505 0304 1011 0809 0211 0709 0102 0303 0814 0915 1212  2 1
2 0607 0506 0103 0910 0103 0307 0913 1011 0405 0102 0304 0708 0810 1214  2 1
2 0408 0506 0509 0708 0304 0709 1011 0708 0709 0101 0404 0707 0512 0508  2 1
2 0709 0107 0105 0209 0304 0408 0112 0505 0405 0304 0106 0808 0814 1213  2 2
2 0910 0303 0203 0609 0405 0407 0910 0810 0309 0102 0303 0714 0909 0306  2 2
2 0408 0206 0303 0512 0307 0410 0911 0508 0404 0104 0304 0814 0915 0212  2 1
2 0810 0507 0303 0912 0407 1212 0110 1010 0407 0102 0304 0707 0809 1314  2 1
2 0608 0303 0209 0212 0207 0208 0209 0810 0203 0104 0304 0716 0515 1212  2 2
2 0708 0506 0101 1214 0105 0310 0113 0811 0507 0102 0103 0707 0811 1314  2 2
2 0404 0308 0109 0809 0405 0310 0102 0810 0304 0102 0303 0814 0911 1112  2 1
2 0407 0506 0303 0711 0303 0709 0709 0510 0707 0202 0405 1415 0809 1112  2 2
2 0808 0506 0101 1215 0506 0810 0409 1010 0709 0102 0303 1116 0509 0312  2 2
2 0408 0505 0103 1212 0204 0709 0508 1010 0404 0102 0303 0821 0910 1012  2 1
2 0608 0506 0303 1014 0407 0809 0609 0810 0509 0102 0303 0707 0508 0207  2 1
2 0102 0103 0101 0915 0304 0207 0913 1010 0509 0202 0307 0107 0505 0411  2 2
2 0407 0307 0305 0408 0304 0109 0911 0610 0000 0204 0303 1014 0809 0212  2 1
2 0408 0606 0305 0910 0304 0212 1008 0101 0000 0102 0310 0808 0809 0213  2 2
2 0709 0305 0103 0810 0307 0103 0910 1010 0303 0404 0303 1020 0808 0202  2 2
2 0104 0506 0103 0910 0206 0407 0913 1010 0207 0101 0303 0711 0708 1112  2 1
2 0809 0608 0309 0709 0304 1015 0209 0210 0707 0102 0303 0708 0910 0312  2 1
2 0809 0506 0105 0910 0404 0909 0507 0811 0304 0101 0306 0714 0509 1212  2 2
2 0808 0306 0303 0410 0203 1011 0913 0810 0707 0101 0306 0708 0911 0412  2 2
2 0408 0607 0103 0912 0205 0910 0909 0510 0203 0102 0304 0815 1010 0513  2 2
2 0407 0606 0203 0909 0304 0809 0411 1010 0511 0102 0303 0715 1010 0612  2 2
2 0708 0506 0105 0909 0307 0810 0408 0505 0407 0000 0303 0708 0510 0812  2 2
2 0408 0506 0105 0507 0405 0809 0210 1010 0709 0102 0304 0707 0910 1215  2 2
2 0408 0506 0305 0205 0303 0808 0809 0310 0000 0102 0606 0808 0808 1012  2 1
2 0708 0205 0303 0505 0304 0808 0108 1011 0405 0101 0305 0707 0808 0407  2 1
2 0407 0608 0102 1111 0305 0407 0114 0510 0509 0101 0306 1111 0809 1112  2 1
2 0407 0608 0204 0206 0000 0404 0211 0510 0307 0202 0306 0707 0810 0611  2 1
2 0607 0608 0505 0913 0304 0308 0410 1105 0410 0103 0304 0707 0515 1112  2 2
2 0708 0608 0505 0509 0505 0709 0215 0606 0405 0102 0306 1015 0712 0212  2 1
2 0409 0205 0310 0305 0205 0808 0709 1010 0507 0102 0306 0708 0509 1314  2 1
2 0408 0506 0305 0609 0305 0309 0708 0510 0304 0101 0304 0815 0709 0212  2 1
2 0404 0608 0505 0810 0305 0809 0102 0210 0410 0104 0406 0709 0910 1014  2 1
2 0408 0606 0305 0607 0304 0306 0711 0510 0404 0101 0303 0708 0711 1112  2 1
2 0608 0308 0105 0204 0105 1213 0102 1008 0510 0101 0304 0913 0708 0707  2 1
2 0408 0506 0510 0611 0303 0609 0105 1010 0304 0104 0606 0707 0910 0212  2 1
2 0409 0505 0205 0000 0204 0608 0000 0510 0307 0104 0304 0715 1011 1214  2 1
2 0407 0305 0505 0207 0303 0606 0909 0602 0703 0104 0305 1112 0909 0714  2 1
2 0608 0505 0209 0609 0103 0307 0111 0511 0707 0101 0304 0709 0708 0212  2 1
2 0406 0305 0309 0611 0507 0708 0207 1010 0709 0101 0410 0712 0809 0615  2 1
2 0406 0505 0305 0609 0405 0609 0708 0205 0307 0406 0506 0709 1010 0203  2 1
2 0708 0608 0405 0406 0105 0304 1011 0510 0707 0102 0303 0707 0000 0406  2 1
2 0608 0505 0505 0610 0309 0204 0212 1009 0409 0104 0410 0715 0813 0202  2 1
2 0206 0306 0203 1313 0102 0408 0609 0510 0407 0203 0306 0712 0810 0712  2 1
2 0404 0506 0103 0312 0304 0607 0209 1005 0307 0104 0306 0707 0809 0610  2 1
2 0707 0608 0205 0109 0303 0708 0210 0502 0405 0104 0203 0707 1216 1012  2 1
2 0404 0506 0310 0712 0303 0204 0914 0311 0307 0202 0306 0707 0910 0412  2 1
2 0407 0608 0505 0909 0306 0308 0204 0206 0410 0404 0304 0707 0515 1112  2 1
2 0406 0505 0505 0712 0304 0608 0709 0506 0304 0402 0304 0715 0910 1115  2 1
2 0404 0508 0101 0712 0304 0808 0910 0305 0305 0103 0506 0708 0910 1010  2 1
2 0404 0505 0310 0313 0205 0407 0000 0510 0507 0101 0506 0707 0808 1414  2 1
2 0708 0508 0309 1213 0607 0606 0404 0905 0711 0102 0303 0707 1013 0405  2 1
2 0406 0608 0103 0510 0607 0708 0712 1005 0709 0101 0306 0814 0809 1111  2 1
2 0708 0506 0205 0911 0303 0708 0714 0510 0405 0101 0206 0711 0909 1112  2 1
2 0408 0506 0305 0611 0304 0607 0209 0505 0405 0104 0304 0707 0910 0202  2 1
2 0204 0506 0305 0512 0304 0208 0409 1003 0709 0202 0306 0707 0810 0512  2 1
2 0407 0606 0509 0708 0304 0610 0109 1010 0410 0102 0304 0707 0409 0711  2 1
2 0406 0205 0309 0311 0405 0407 1717 1012 0707 0101 0606 0707 0809 1114  2 2
2 0404 0506 0103 0612 0304 0708 0205 0310 0310 0104 0609 0707 0509 0810  2 2
2 0408 0505 0305 0613 0305 0607 0808 0208 0507 0303 0304 0407 0911 0203  2 2
2 0607 0205 0505 0313 0304 0410 0912 0810 0409 0102 0304 1014 0508 1012  2 1
2 0408 0305 0103 1012 0107 0407 0107 0308 0304 0101 0304 0714 0810 0211  2 1
2 0409 0306 0505 0913 0405 0809 0512 1011 0507 0202 0304 0708 0809 0611  2 1
2 0404 0205 0509 0404 0204 0204 1013 0510 0507 0102 0404 0812 0812 0607  2 1
2 0809 0606 0305 0607 0000 0406 0110 0510 0307 0102 0303 0707 0506 0214  2 1
2 0708 0507 0909 1112 0405 0606 1212 0610 0507 0102 0404 1111 0609 0713  2 1
2 0808 0205 0205 0712 0203 0406 0510 0408 0909 0204 0304 0712 0608 0606  2 1
2 0406 0505 0304 0404 0306 0304 0110 0810 0507 0102 0304 0718 0508 0606  2 1
2 0708 0303 0209 0409 0304 0408 0813 0608 0405 0204 0303 0707 0812 0711  2 1
2 0607 0505 0205 0212 0304 0606 0812 0206 0405 0203 0304 0407 1012 0207  2 1
2 0407 0305 0909 0204 0204 0408 1213 0505 0505 0101 0304 0811 1212 0714  2 1
2 0404 0507 0103 0914 0204 0406 0813 0506 0307 0105 0310 0711 0909 0707  2 1
2 0104 0508 0409 0304 0307 0309 1012 0810 0707 0101 0303 0718 0509 0612  2 1
2 0404 0305 0505 0213 0304 0204 0413 0211 0304 0101 0303 0911 0909 0202  2 1
2 0407 0708 0505 0809 0405 0304 0410 0510 0405 0404 0203 0711 0910 1212  2 1
2 0808 0205 0205 0712 0203 0406 0510 0408 0909 0204 0304 0712 0608 0606  2 1
2 0404 0507 0405 0709 0304 0306 0512 1010 0303 0101 0304 0715 0809 0212  2 1
2 0407 0505 0505 0214 0305 0309 0112 0611 0505 0101 0303 1213 0508 0206  2 1
2 0406 0506 0101 0609 0306 0303 0110 0405 0509 0203 0306 0707 0812 0412  2 1
2 0408 0505 0305 0717 0204 0306 1215 1105 0510 0104 0303 0713 0809 0611  2 1
2 0708 0506 0305 0708 0304 0406 1212 0510 0411 0102 0304 0713 0409 1113  2 2
2 0708 0305 0000 0202 0304 0609 0812 0610 0205 0304 0303 0714 0812 0214  2 1
2 0410 0507 0205 0914 0305 0304 0112 1008 0305 0405 0406 0708 0910 0406  2 1
2 0407 0506 0102 0917 0405 0608 0513 0510 0707 0101 0306 1013 0712 1112  2 2
2 0808 0505 0205 0309 0204 0304 0810 0808 0709 0104 0306 0711 0305 0212  2 1
2 0607 0505 0205 0212 0304 0606 0812 0602 0405 0203 0304 0407 1012 0207  2 1
2 0408 0208 0405 0309 0306 0310 0512 0808 0407 0104 0312 0707 0509 0712  2 1
2 0708 0303 0209 0409 0304 0408 0813 0608 0405 0204 0303 0707 0812 0711  2 1
2 0408 0505 0305 0714 0203 0309 0712 0611 0505 0101 0303 0713 0808 0606  2 1
2 0404 0506 0304 0409 0305 0303 0105 1010 0307 0104 0303 0707 0909 0207  2 2
2 0404 0305 0505 0213 0304 0204 0413 1102 0304 0101 0303 0911 0909 0202  2 1
2 0508 0305 0809 0409 0406 0910 0510 0811 0404 0404 0306 0207 0508 0411  2 1
2 0808 0508 0105 0811 0303 0311 0309 0810 0404 0202 0307 0811 0913 0412  2 1
2 0708 0506 0505 0612 0407 1011 0507 1010 0407 0202 0404 1311 0914 0911  2 1
2 0408 0506 0305 0408 0204 0411 0103 0508 0404 0204 0303 0711 0810 0411  2 1
2 0408 0508 0305 1317 0606 0306 0108 1010 0707 0103 0306 0812 0910 0411  2 1
2 0408 0508 0303 0909 0404 0611 0913 0510 0405 0202 0303 0713 0205 0212  2 1
2 0408 0205 0103 0212 0406 0910 0913 1005 0309 0102 0304 0707 0511 1112  2 1
2 0408 0305 0307 0913 0404 0104 0910 0811 0303 0104 0303 1314 1014 1112  2 1
2 0408 0506 0105 0408 0303 0711 0308 0508 0404 0202 0303 0711 0512 0411  2 1
2 0101 0608 0105 1213 0407 0313 0107 0510 0305 0102 0303 0207 0511 0412  2 1
2 0408 0505 0105 1013 0606 0608 0708 1010 0407 0103 0607 0813 1010 0406  2 1
2 0208 0506 0205 1113 0606 0407 0000 0211 0204 0103 0406 0708 0513 0211  2 1
2 0608 0205 0305 0514 0405 0610 0407 1011 0405 0102 0305 0713 0910 0311  2 1
2 0108 0506 0101 0707 0304 0413 0109 0808 0405 0102 0406 0912 0512 0405  2 1
2 0808 0505 0305 0914 0404 0411 0104 1006 0405 0101 0303 0207 0212 0507  2 1
2 0608 0808 0505 0209 0305 0607 0413 1010 0409 0202 0303 0713 0911 0309  2 1
2 0608 0205 0305 0509 0505 0410 0709 0211 0505 0202 0506 1314 0910 0203  2 1
2 0408 0508 0105 0409 0405 0609 0212 1011 0304 0102 0304 0713 0812 1112  2 1
2 0404 0308 0203 0909 0404 0611 1313 0510 0404 0101 0303 0709 0205 0911  2 1
2 0508 0205 0505 1112 0206 0408 0508 0609 0202 0105 0406 0716 0505 0204  2 1
2 0406 0508 0305 0211 0203 0606 0413 1010 0509 0102 0303 0707 0809 0304  2 1
2 0108 0205 0103 1112 0408 0808 0909 0808 0405 0104 0406 1213 1112 0407  2 1
2 0506 0808 0309 0409 0404 0310 0710 0511 0405 0204 0305 0811 0809 0204  2 1
2 0808 0205 0105 0205 0505 1011 0409 1011 0505 0202 0305 0713 0209 0312  2 1
2 0607 0206 0505 0609 0408 0811 0405 1110 0304 0204 0304 1112 0509 0411  2 1
2 0608 0506 0505 0404 0303 0911 0318 0811 0407 0204 0304 1115 1012 0411  2 1
2 0407 0506 0111 0612 0204 0813 0606 0208 0409 0203 0303 0707 0306 0211  2 1
2 0808 0508 0106 0213 0404 0709 0808 0810 0407 0104 0303 0715 0808 0511  2 1
2 0809 0305 0102 1111 0305 0309 0304 1010 0404 0102 0304 0708 0209 0411  2 1
2 0608 0505 0109 0713 0304 1013 0110 0810 0405 0102 0405 0312 0510 0505  2 1
2 0406 0205 0505 0411 0202 0913 0408 0510 0405 0104 0308 0813 0911 0511  2 2
2 0108 0508 0205 1213 0407 0609 0710 0610 0304 0204 0306 0713 0311 0411  2 1
2 0608 0305 0509 0612 0305 0708 0709 0210 0202 0101 0304 0715 0914 0206  2 1
2 0208 0506 0207 0506 0207 0707 0909 1010 0507 0101 0404 0711 0507 0412  2 2
2 0808 0608 0411 0405 0405 0307 0714 1011 0404 0202 0304 0707 0609 0204  2 2
2 0609 0606 0707 0412 0405 0310 1016 0510 0305 0101 0607 0707 0506 0212  2 2
2 0408 0505 0505 0606 0406 0910 0909 1005 0808 0202 0307 1515 0909 0204  0 1
2 0408 0505 0311 1213 0304 0711 0710 1010 0304 0204 0405 1115 0505 1012  2 1
2 0709 0505 0103 0917 0303 0708 0512 0810 0711 0202 0303 0812 0509 0207  0 2
2 0509 0508 0511 0810 0304 0708 0913 1010 0209 0102 0306 0712 0913 0710  0 2
2 0408 0505 0309 1012 0407 0304 0912 1108 0707 0102 0303 0707 0809 0202  0 2
2 0407 0205 0112 0712 0207 0911 0000 0910 0707 0102 0303 0707 0809 0412  0 1
2 0406 0606 0312 0812 0304 0910 0709 0509 0507 0202 0404 0711 0910 1112  2 1
2 0808 0505 0203 1212 0303 0409 0713 0511 0204 0102 0304 1519 0210 0711  0 1
2 0808 0505 0305 0312 0304 0909 0913 0811 0207 0102 0412 1515 0810 0211  2 1
2 0406 0808 0411 0203 0406 0809 0709 0508 0209 0102 0304 1315 1010 0312  2 1
2 0607 0505 0105 1212 0407 0408 1010 0510 0309 0404 0304 0713 0508 1212  2 1
2 0208 0505 0101 0707 0303 0000 0909 0505 0505 0101 0000 0808 0505 0202  2 1
2 0608 0506 0311 0309 0406 0709 0713 0808 0202 0201 0304 0816 1111 0214  2 1
2 0404 0508 0512 0916 0303 0709 0712 0505 0202 0104 0310 0816 1011 0414  0 1
2 0404 0505 0305 1010 0304 0308 1309 0000 0305 0101 0404 0815 1112 0202  0 1
2 0308 0505 0202 1010 0303 0909 0408 1010 0507 0104 0303 1907 0202 0411  2 1
2 0404 0505 0505 1216 0406 0809 1212 0811 0708 0202 0303 1113 0709 0211  2 1
2 0106 0505 0212 1212 0304 0309 0707 0511 0505 0102 0303 0808 0107 0211  2 1
