Ploidy: 2 (diploid)
Chromosomes:
1:  (AUTOSOME, 14 loci)
  A24 (1), B22 (2), CloneA2 (3), Kpa24_2 (4), Mluc8 (5),
  Kpa16_2 (6), CA38 (7), CA11 (8), Mnatt6 (9), G6 (10),
  C112_2 (11), MS3D02 (12), H23_Mluc (13), B23 (14)
Information fields: 
age 
population size: 260 (2 subpopulations with 68, 192 Individuals)
Number of ancestral populations: 0

SubPopulation 0 (), 68 Individuals:
   0: FU   2  5  1  7  2  4  5  8  5  2  3  7  8  7 |   4  5  3  9  3  9 11 11  5  4  6 14 14 11 |  2
   1: FU   8  5  1 11  3  4  7  4  3  1  3 14  8  6 |   9  5  2 14  5  8 10 10  7  1  3 16 10  7 |  2
   2: FU   4  6  1  6  3  4  1 10  5  2  3 11  9  6 |   8  6  3  7  6 13  9 10 10  3  4 16 12 13 |  2
   3: FU   8  5  1 14  3  6  5  5  4  1  3  7  9  4 |   8  6  3 15  3  8  9 10  4  4  9  7 12 11 |  3
   4: FU   6  5  1  4  1  7  9 10  4  1  3  7  8  4 |   8  6  5  6  5  9 12 10  5  4  6 10 10  7 |  3
   5: FU   7  5  3 11  4  7  1 10  5  1  3  7  9  7 |   8  6  3 12 10 12  3 10  7  1  4  7 12 10 |  3
   6: FU   4  5  3  7  2  1  1 10  3  1  3 11  8  8 |   6  8  9  7  4  6  7 10  7  2  4 22  9 10 |  3
   7: FU   4  5  5  4  4  6  4  5  5  1  4  7  5 12 |   4  8  6  4  5  8  9  5  7  2  4 14 11 16 |  5
   8: FU   4  3  5  3  3  4  9  6  3  2  3 14  8  2 |   6  8  5  7  4 10 10 10  4  2  5 15  9  4 |  5
   9: FU   8  5  3  5  2  3  1  5  4  1  4  7  8  4 |   9  6  5 15  5  8 14  8  5  4 10 11  9 10 |  4
  10: FU   6  6  5  4  1  8  4  5  4  4  3  7  8  6 |   7  6 10 13  3  9  9 10  9  4  5 11 16 11 |  4
  11: FU   8  5  3  6  3  4  1  5  3  1  6  7  0  7 |  10  5  5 11  3  8  5 10  4  1  8  7  0  7 |  4
  12: FU   8  3  1 10  4  6  9 10  7  1  0  7 11  0 |   8  6  9 12  4  8  9 11  7  1  0  7 11  0 |  4
  13: FU   7  3  1  9  2  8  1  0  5  1  3  7  8  6 |   8  6  9  9  5  9  5  0  5  4 10 15 10 11 |  4
  14: FU   6  5  3  3  2  7  9  8  3  1  3  7  6  6 |   8  5 10  8  4  8 12 10  7  1  3  7  9  6 |  9
  15: FU   7  5  1  9  2  7  1  5  4  1  3  7  7 10 |   8  5  1 12  8  8  7 10  7  4  4  7  9 13 |  2
  16: FU   4  5  1  6  3  6  1 11  5  1  4  7  8  7 |   8  5  2 12  4  8  1 11  7  1 10  8 10 12 |  2
  17: FU   4  3  9  4  3  4 12  8  9  2  3 11  8 10 |   7  5 10  6  8  7 12 10 11  3  8 13  9 11 |  2
  18: FU   2  3  3  4  7  6  5  8  5  3  3  8 12  4 |   4  5  5  7  8  9  9 10  7  4  5 14 13  6 |  2
  19: FU   4  2  1  7  1  3  5  6  2  1  3 11  8 11 |   7  5  1 13  4  9  9 10  5  3  3 14 14 13 |  2
  20: FU   7  8  2 12  3  7  3 10  7  1  3  7 10 10 |   8  8  3 15  3 12  5 11  7  3  5 15 12 12 |  2
  21: FU   8  5  3  7  3  6  5 10  4  1  3  7  8 11 |   8  6  3 15  3  8  9 12  4  1  4 11 12 12 |  2
  22: FU   8  5  5  3  4  5  4 10  3  1  3 13  8  2 |   8  5  6  4  4  8 12 10  7  3  3 14  8 14 |  2
  23: FU   4  5  1  7  3  7  2  2  5  2  4  6  9  7 |   4  5  5 10  6  9  8 11  7  4  5  8 10 11 |  6
  24: FU   8  3  1  4  4  4  1  4  3  1  4  7 10  7 |   9  5  4 15  5  8  8 10  7  4  6 16 10 12 |  1
  25: FU   4  5  1  3  3  0  7 10  3  1  3  7  8 12 |   4  8  3 12  5  0  7 10  5  1  3 11 10 13 |  1
  26: FU   2  5  3  7  3  0  5 10  5  1  3  8  8 10 |  10  6  6 11  3  0  9 10 12  4  6 14 11 10 |  12
  27: FU   6  5  3  8  4  9  5 10  7  2  3  7  8  7 |   8  5  3 13  5 10  7 10  7  4  3 14 11  7 |  14
  28: FU   4  3  3  5  2  3  1  5  5  1  4  7  8  6 |   8  6  3 12  2  3 13 10 13  1 10  7  9 10 |  13
  29: FU   4  5  3  9  2  8  5  8  5  4  3  7  8 11 |   7  6  9 12  2  9 12 10  7  4  3  7  8 12 |  12
  30: FU   4  5  1  7  4  6  9  8  5  4  3  7 12  6 |   6  6  3  7  7  8  9 10  7  4  5 14 13 14 |  9
  31: FU   4  6  1  8  2  3  1  8  3  0  0 10  0  2 |   8  8 10  9  5  9  9 10  5  0  0 20  0  6 |  8
  32: FU   4  5  1  7  4  4  1 10  3  1  4  8  8  7 |   8  5  3 10  5  9  2 11  7  2  5 18 10 11 |  6
  33: FU   4  5  3 12  3  7  4  8  5  1  3  7  8 10 |   7  8  9 13  3  8  7  9  7  1  3  7  9 11 |  15
  34: FU   4  5  5  7  3  2  9 10  7  1  4  7 10  4 |   8  5  9 12  6  8 15 10  7  1  6  7 12  6 |  15
  35: FU   4  5  1  9  1  8  7  4  4  1  3  7  9 12 |   7  5  1 14  2  9 12 10  7  4  4 16  9 13 |  11
  36: FU   4  6  3  2  1  6  9  8  9  1  4  8  9 11 |   4  8  3  7  6 13  9 10 10  3  6 11 12 13 |  13
  37: FU   4  5  5  9  3  7  7  5  7  2  3  7  8  2 |   7  8  5 15  7 10  9  6  7  2  3 14  9  4 |  13
  38: FU   4  5  1  7  3  4  1  2  4  1  4  7  8  7 |   8  5  5 11  4  7  2 10  7  1  6  8  9  7 |  12
  39: FU   4  6  3  7  1  8  1  5  5  1  6  8  9 10 |   8  6 10  9  3 13  9  8 10  1  6  8 13 13 |  9
  40: FU   7  5  3  4  5 10  7 10  3  2  3  7  7  6 |   8  5  3 13  5 10  7 10  7  4  4 14 11  7 |  2
  41: FU   4  2  1  4  3  4 10 10  3  1  4 13  8  4 |   9  2  3 14  8  7 12 11  5  2  5 15  9 10 |  8
  42: FU   6  2  1  9  2  7  3  8  5  1  3  7  7  6 |   7  5  2  9  4  9  9  9  9  1 10  7  8 12 |  10
  43: FU   4  5  3 12  5  2  4 10  3  1  3  7  8  3 |   8  5  9 12  6  6  9 10  7  1  6 14 12  4 |  10
  44: FU   2  1  1  7  1  7  5 10  5  1  4  8  7  4 |   4  6  9 10  3 10  9 10  5  1  4 14  9 12 |  7
  45: FU   4  2  9  4  3  4  7  5  5  1  3  7  8  4 |   8  5  9  6  5  8  9  6  7  2  3  7  8  5 |  7
  46: FU   4  3  3 12  2  7  5  5  4  1  3  7 11  4 |   8  5  5 15  4  9  9 10  5  2 10 13 14  6 |  8
  47: FU   8  5  3  7  3  6  5 10  4  1  3  7  8 11 |   8  6  3 15  3  8  9 10  4  1  4 11 12 12 |  7
  48: FU   0  6  1  4  1  7  0  5  9  0  3  7  0  0 |   0  7 10  5  3  7  0 10  9  0  6  7  0  0 |  7
  49: FU   4  2  3  5  1  4  9  8  5  1  4 11  9 11 |   7  6 10  7  3 13 14 10 10  3  6 15 11 11 |  6
  50: FU   2  3  2  9  3  4  8  8  5  1  3  2 11  6 |   8  6  3 12  6  9 11 10  7  4  6  7 11 10 |  6
  51: FU   4  6  1  3  1  6  7  6  5  1  3 11 10  6 |   7  8  3  3  5  8  9 10  7  2  6 18 11 12 |  6
  52: FU   7  2  1  3  1  8  7  6  3  1  3  7  8 11 |   7  6  3  7  5  9  9 10  5  1  3 11 10 12 |  6
  53: FU   8  5  3  4  2  4  4 10  4  1  3  7  8  7 |  10  6  3 10  3  9 11 10  9  1  6 14 11  7 |  6
  54: FU   4  5  1  6  3  6  1 10  7  1  3  7  8 12 |   7  8  3 12  4  7  1 11  7  4 10  7  9 12 |  6
  55: FU   4  6  3 12  3  4  3  8  5  1  3  7  5 10 |   8  8  3 13  4 12  5 10  7  1  5  8 12 10 |  6
  56: FU   7  5  1 13  2  8  7  4  4  1  3 14  9  7 |   9  6  3 14  5  9  9 11  7  2  3 17 10 12 |  6
  57: FU   6  5  3  3  2  7  9 10  7  3  3 11  8  1 |   8  5  5  7  4  8 12 10 12  4  3 14 12  2 |  5
  58: FU   6  2  1  5  2  7  3  9  5  1  3  7  7 11 |   7  8  3  9  4  9 14 10  9  2  4 11  7 12 |  5
  59: FU   4  2  1  2  6  4  9  8  5  2  3  8  5  8 |   9  3 10  4  8 13 12 11  9  2  5 13  9 10 |  5
  60: FU   4  5  3  7  3  3  1 10  4  1  3  7  8 11 |   8  5  4 11  5  8  9 10  4  1  4  7  9 12 |  5
  61: FU   4  5  2  7  3  9  9 10  3  1  3  7  5 12 |   8  8  5 10  4 10 10 10  5  2  4 14  8 12 |  5
  62: FU   4  3  1  8  2  4  9  5  5  2  3  1 12 11 |   7  3  3  9  3  6 14 10  5  2 11  7 12 12 |  5
  63: FU   7  5  4 10  3  7  1 10  4  1  3  7  9  7 |   8  6  5 13  4  9  9 10  4  2  5  8 13 10 |  5
  64: FU   4  5  1 11  2  6  1 10  7  1  3  7  8  6 |   6  6  6 12  3 10 14 10  7  3  3 15  8 10 |  5
  65: FU   4  6  1  8  2  3  1  8  3  1  3 10  7  2 |   8  8 10  9  5  9  9 10  5  1  4 10  9  6 |  5
  66: FU   7  5  3  9  2  9  5  5  3  1  3  5  6  2 |   9  6  9 12  5 13  9  8  4  2  4  7  7  5 |  5
  67: FU   6  6  3 12  3  4  6 10  3  2  3  7  6  5 |  10  8  7 13  5 10 11 10  4  4  3  7 11  6 |  5
SubPopulation 1 (), 192 Individuals:
  68: FU   4  6  1  8  1  8  7  2  4  1  3  7  6  4 |   8  6 10  9  3 13 14  5 11  1  3  7 13 14 |  0
  69: FU   6  5  1  5  3  7  6  5  4  3  3  4 10 10 |   9  5  4 15  9  8  9  5  5  3  4 14 10 10 |  4
  70: FU   8  6  1  7  1  8  5  2  5  1  3  7 13  6 |   9  6 10  8  3  9 14 11 11  2  3 15 13 14 |  2
  71: FU   6  3  2  5  5  6  6  5  3  1  3  2  5  5 |   8  5  5 11  6  7  9  8  7  2  5  7 14 12 |  17
  72: FU   4  3  3  5  3  8  1  5  4  2  4 11  8  2 |   4  6  3 12  3  9 11 10  5  3  6 15 10  4 |  4
  73: FU   4  5  1  7  3  0  0 10  3  2  4  8 11  2 |   8  6  3 12  4  0  0 10  4  3  5 14 12 11 |  13
  74: FU   8  5  3  2  3  7  5 10  3  1  3  2  9  5 |   9  6  5  9  3  8 12 10  7  3  3 16  9 10 |  2
  75: FU   8  5  1  5  3  7  1  8  4  2  3 13  5  2 |   8  6  9  7  7  8  9 10  5  2 10 14  9  4 |  5
  76: FU   8  5  3  8  3  7  8 10  4  2  5  7  8 11 |   9  8 10 12  3  8  9 10  5  3  6  7  9 12 |  8
  77: FU   7  5  1  7  3  4  7  5  2  1  3  7  6  4 |   8  6  5 12  5  8 11 10  3  2  4  8  7 11 |  4
  78: MU   8  2  1  9  3  3  7 10  4  2  3  8 10  7 |   8  6  1  9  3  7  8 11  5  2  4 15 12  7 |  9
  79: FU   7  5  1  7  3  7  1  5  4  2  6 13  5  4 |   8  6  9 12  7 13  9 10  7  2 10 14  9 12 |  5
  80: FU   8  3  1  4  3  4  6 10  1  1  3 15  9  2 |   8  6  5 13  7  8 15 11  5  3  6 15 11 12 |  16
  81: FU   8  5  1  5  5  3  1  5  7  2  3  4  8  7 |   8  6 10  9  6  6  8 10 11  4  3 14  9 10 |  11
  82: FU   4  6  1 10  3  6  1  8  3  3  4 14  9  4 |   6  8  9 12  4  9  2 10  9  3  6 14 12 11 |  1
  83: FU   7  6  1 10  2  3  8  5  5  1  3  7  8  6 |   8  8 10 12  4 11 13 10  7  1  4 15 10  6 |  15
  84: FU   6  5  1 10  2 11  5 10  4  1  4  7 10  6 |   8  6  6 13  3 13 13 10  7  2  6  7 11  6 |  9
  85: FU   8  5  5  8  5  2  7  2  3  1  3  7 12  2 |   8  5  5  9  7  6  9 11  4  1  3 11 12  4 |  12
  86: FU   9  5  3 11  3  8  7 10  5  2  3  7  9  5 |  10  5  3 12  6  9  8 10  5  2  6  7 14 12 |  6
  87: FU   4  5  3  9  2  2  1 10  5  2  3  7  6  2 |  10  5  9 12  3  7 10 10  5  2  3  7 10  6 |  12
  88: FU   4  5  3  7  4  7  1  5  3  2  3  7 11  4 |   6  5  9 12  5  9  8 10  9  3  3  7 15  5 |  15
  89: FU   1  2  3 10  1  2  7  4  4  1  3  2  5  5 |   4  5 10 12  5  8  8  5 11  1  6  7  8 14 |  13
  90: FU   6  5  5  9  2  4  1 10  4  2  3  7  6  2 |  10  6  9 10  3  7 13 10  5  2  4  7  8 12 |  8
  91: FU   4  5  1  5  3  8  1  5  4  2  3 11  5  2 |   7  6  3 12  4  9  5 11  4  2  6 11 10 11 |  10
  92: FU   4  3  1  9  3  4 11  2  3  1  3  7  5  4 |   8  6  1 13  4  8 14  5  4  3  3 12  6  7 |  15
  93: FU   8  5  3  9  5  2  5  2  4  1  3  7 10  2 |   8  5  5 11  7  7  7  8  7  1  3 14 12  4 |  12
  94: FU   4  5  3  7  1  4 11 10  3  1  3  7 11 12 |   4  8  3 14  2  7 12 11  5  3  9 14 12 14 |  14
  95: FU   7  6  1  7  3  7  1  5  4  2  6 14  5  4 |   8  6  1 12  7 13  1  8  7  2 10 15  9 12 |  15
  96: FU   7  5  1  7  4  4  1  8  4  3  5  7  9  2 |   8  6  3 10  6  9  5 10  5  4  6  8 11  4 |  1
  97: FU   8  6  1  4  2  4  6  2  5  1  3  5  5  7 |   9  8  3 10  5  6  6 10  5  3  5 15  9 12 |  14
  98: MU   4  4  3  9  1  6  7 10  4  2  3  7  9 12 |   7  5  3 10  4 10 11 10  5  2  5 18 10 16 |  5
  99: FU   8  5  1  9  3  3 10 10  3  2  3  8  9 12 |   8  8  6 10  5  7 11 10  9  2  4  8 10 12 |  2
 100: MU   8  5  1  6  3  8  8  8  4  2  4  7  8  6 |   8  6  6  9  4 13  9 10 11  2  9 16 11  8 |  3
 101: FU   5  5  3  4  3  4  2  5  4  1  3  7  5  2 |   8  6  3  9  3  6  7  8  9  2  3  8 10  7 |  13
 102: MU   4  5  1 12  4  4 10 10  3  1  3  7  9  7 |  10  5  3 12  4 12 13 11  4  4  4  8  9 14 |  11
 103: FU   8  3  5 10  3  3  1 10  3  2  3  7  9  4 |   8  6  5 12  4  9  9 10  7  4  4 10 10 11 |  3
 104: MU   4  3  3  8  1  6  5  5  7  1  3  9  5 12 |   7  6  5  8  5  8 10 10  7  1  4 10  5 12 |  11
 105: MU   4  5  5  4  3 10 10  5  4  1  3  7  5  3 |   6  6  5 15  4 10 11  6  9  1  3  9 11 12 |  0
 106: FU   4  3  5  9  4  7 11  5  3  2  3  7  5  3 |   4  5 10 10  4 10 11  5  4  4  3  7  5  7 |  11
 107: FU   8  3  3  5  4  2  1  5  4  1  5  8  5  4 |   8  8  6  9  4 13  8  8  5  2  9 13  9  6 |  7
 108: FU   1  6  3  7  3  3  2  8  3  1  4  1 10  2 |   8  8  4  9  3  6  9 11  7  2  7 11 10 12 |  9
 109: FU   8  2  3  2  2  8 11  8  5  1  3 14  8  2 |  10  6  3 15  4  8 15 10  9  2  3 14  8 14 |  0
 110: MU   8  5  1  7  5  7  5  7  4  4  3  7  0 11 |   8  6  3  8  7 12 10  8  6  4  3  7  0 12 |  17
 111: MU   7  4  3  7  5  4 10 10  5  1  3  5  5  3 |   8  5  6 12  7  7 11 10  5  1  4 17 10  4 |  9
 112: FU   9  5  1  7  3  4  7  5  3  2  3  7  8 11 |  10  8  1  9  5 14  9 11  7  4  3  7 10 14 |  8
 113: FU   4  5  1  5  3 10  8  2  7  1  3  8  9 12 |  10  8  3  5  4 11  9 11  9  2  3 14 15 12 |  17
 114: FU   6  5  1  9  1  3  9 10  4  1  3  7  8 12 |   7  6  3 10  3  7 13 11  5  2  4  8 10 14 |  5
 115: FU   4  5  5  7  3  7 10  7  7  1  4  7  5  5 |   8  6  9  8  4  9 11  8  9  1  4  7 12  8 |  13
 116: MU   7  1  1  2  3  4  1  5  4  3  1  8  8 12 |   9  7  5  9  4  8 12  5  5  4  6  8 14 13 |  5
 117: MU   9  3  2  6  4  4  9  8  3  1  3  7  9  3 |  10  3  3  9  5  7 10 10  9  2  3 14  9  6 |  4
 118: FU   4  2  3  5  3  4  9  5  4  1  3  8  9  2 |   8  6  3 12  7 10 11  8  4  4  4 14 15 12 |  11
 119: FU   8  5  3  9  4 12  1 10  4  1  3  7  8 13 |  10  7  3 12  7 12 10 10  7  2  4  7  9 14 |  11
 120: MU   6  3  2  2  2  2  2  8  2  1  3  7  5 12 |   8  3  9 12  7  8  9 10  3  4  4 16 15 12 |  13
 121: MU   7  5  1 12  1  3  1  8  5  1  1  7  8 13 |   8  6  1 14  5 10 13 11  7  2  3  7 11 14 |  0
 122: FU   4  3  1  8  4  3  1  8  3  1  3  8  9 11 |   4  8  9  9  5 10  2 10  4  2  3 14 11 12 |  5
 123: MU   4  5  3  7  3  7  7  5  7  2  4 14  8 11 |   7  6  3 11  3  9  9 10  7  2  5 15  9 12 |  8
 124: MU   8  5  1 12  5  8  4 10  7  1  3 11  5  3 |   8  6  1 15  6 10  9 10  9  2  3 16  9 12 |  15
 125: FU   4  5  1 12  2  7  5 10  4  1  3  8  9 10 |   8  5  3 12  4  9  8 10  4  2  3 21 10 12 |  8
 126: FU   6  5  3 10  4  8  6  8  5  1  3  7  5  2 |   8  6  3 14  7  9  9 10  9  2  3  7  8  7 |  5
 127: MU   1  1  1  9  3  2  9 10  5  2  3  1  5  4 |   2  3  1 15  4  7 13 10  9  2  7  7  5 11 |  6
 128: FU   4  3  3  4  3  1  9  6  0  2  3 10  8  2 |   7  7  5  8  4  9 11 10  0  4  3 14  9 12 |  5
 129: MU   4  6  3  9  3  2 10  1  0  1  3  8  8  2 |   8  6  5 10  4 12  8  1  0  2 10  8  9 13 |  3
 130: MU   7  3  1  8  3  1  9 10  3  4  3 10  8  2 |   9  5  3 10  7  3 10 10  3  4  3 20  8  2 |  6
 131: FU   1  5  1  9  2  4  9 10  2  1  3  7  7 11 |   4  6  3 10  6  7 13 10  7  1  3 11  8 12 |  6
 132: FU   8  6  3  7  3 10  2  2  7  1  3  7  9  3 |   9  8  9  9  4 15  9 10  7  2  3  8 10 12 |  5
 133: MU   8  5  1  9  4  9  5  8  3  1  3  7  5 12 |   9  6  5 10  4  9  7 11  4  1  6 14  9 12 |  5
 134: MU   8  3  3  4  2 10  9  8  7  1  3  7  9  4 |   8  6  3 10  3 11 13 10  7  1  6  8 11 12 |  10
 135: MU   4  6  1  9  2  9  9  5  2  1  3  8 10  5 |   8  7  3 12  5 10  9 10  3  2  4 15 10 13 |  3
 136: MU   4  6  2  9  3  8  4 10  5  1  3  7 10  6 |   7  6  3  9  4  9 11 10 11  2  3 15 10 12 |  1
 137: MU   7  5  1  9  3  8  4  5  4  0  3  7  5  8 |   8  6  5  9  7 10  8  5  7  0  3  8 10 12 |  6
 138: MU   4  5  1  5  4  8  2 10  7  1  3  7  9 12 |   8  6  5  7  5  9 10 10  9  2  4  7 10 15 |  6
 139: FU   4  5  3  2  3  8  8  3  0  1  6  8  8 10 |   8  6  5  5  3  8  9 10  0  2  6  8  8 12 |  9
 140: FU   7  2  3  5  3  8  1 10  4  1  3  7  8  4 |   8  5  3  5  4  8  8 11  5  1  5  7  8  7 |  10
 141: FU   4  6  1 11  3  4  1  5  5  1  3 11  8 11 |   7  8  2 11  5  7 14 10  9  1  6 11  9 12 |  9
 142: FU   4  6  2  2  0  4  2  5  3  2  3  7  8  6 |   7  8  4  6  0  4 11 10  7  2  6  7 10 11 |  2
 143: MU   6  6  5  9  3  3  4 11  4  1  3  7  5 11 |   7  8  5 13  4  8 10  5 10  3  4  7 15 12 |  8
 144: FU   7  6  5  5  5  7  2  6  4  1  3 10  7  2 |   8  8  5  9  5  9 15  6  5  2  6 15 12 12 |  12
 145: FU   4  2  3  3  2  8  7 10  5  1  3  7  5 13 |   9  5 10  5  5  8  9 10  7  2  6  8  9 14 |  6
 146: FU   4  5  3  6  3  3  7  5  3  1  3  8  7  2 |   8  6  5  9  5  9  8 10  4  1  4 15  9 12 |  10
 147: FU   4  6  5  8  3  8  1  2  4  1  4  7  9 10 |   4  8  5 10  5  9  2 10 10  4  6  9 10 14 |  15
 148: FU   4  6  3  6  3  3  7  5  4  1  3  7  7 11 |   8  6  5  7  4  6 11 10  4  1  3  8 11 12 |  12
 149: FU   6  3  1  2  1 12  1 10  5  1  3  9  7  7 |   8  8  5  4  5 13  2  8 10  1  4 13  8  7 |  0
 150: FU   4  5  5  6  3  6  1 10  3  1  6  7  9  2 |   8  6 10 11  3  9  5 10  4  4  6  7 10 12 |  5
 151: FU   4  5  2  0  2  6  0  5  3  1  3  7 10 12 |   9  5  5  0  4  8  0 10  7  4  4 15 11 14 |  14
 152: FU   4  3  5  2  3  6  9  6  7  1  3 11  9  7 |   7  5  5  7  3  6  9  2  3  4  5 12  9 14 |  7
 153: FU   6  5  2  6  1  3  1  5  7  1  3  7  7  2 |   8  5  9  9  3  7 11 11  7  1  4  9  8 12 |  7
 154: FU   4  3  3  6  5  7  2 10  7  1  4  7  8  6 |   6  5  9 11  7  8  7 10  9  1 10 12  9 15 |  0
 155: FU   4  5  3  6  4  6  7  2  3  4  5  7 10  2 |   6  5  5  9  5  9  8  5  7  6  6  9 10  3 |  15
 156: FU   7  6  4  4  1  3 10  5  7  1  3  7  0  4 |   8  8  5  6  5  4 11 10  7  2  3  7  0  6 |  7
 157: FU   6  5  5  6  3  2  2 10  4  1  4  7  8  2 |   8  5  5 10  9  4 12  9  9  4 10 15 13  2 |  7
 158: FU   2  3  2 13  1  4  6  5  4  2  3  7  8  7 |   6  6  3 13  2  8  9 10  7  3  6 12 10 12 |  12
 159: FU   4  5  1  3  3  6  2 10  3  1  3  7  8  6 |   4  6  3 12  4  7  9  5  7  4  6  7  9 10 |  11
 160: FU   7  6  2  1  3  7  2  5  4  1  2  7 12 10 |   7  8  5  9  3  8 10  2  5  4  3  7 16 12 |  7
 161: FU   4  5  3  7  3  2  9  3  3  2  3  7  9  4 |   4  6 10 12  3  4 14 11  7  2  6  7 10 12 |  3
 162: FU   4  6  5  9  3  3  2  2  4  4  3  7  5 11 |   7  8  5  9  6  8  4  6 10  4  4  7 15 12 |  16
 163: FU   4  5  5  7  3  6  7  5  3  4  3  7  9 11 |   6  5  5 12  4  8  9  6  4  2  4 15 10 15 |  3
 164: FU   4  5  1  7  3  8  9  3  3  1  5  7  9 10 |   4  8  1 12  4  8 10  5  5  3  6  8 10 10 |  12
 165: FU   4  5  3  3  2  4  0  5  5  1  5  7  8 14 |   4  5 10 13  5  7  0 10  7  1  6  7  8 14 |  14
 166: FU   7  5  3 12  6  6  4  9  7  1  3  7 10  4 |   8  8  9 13  7  6  4  5 11  2  3  7 13  5 |  16
 167: FU   4  6  1  5  6  7  7 10  7  1  3  8  8 11 |   6  8  3 10  7  8 12  5  9  1  6 14  9 11 |  5
 168: FU   7  5  2  9  3  7  7  5  4  1  2  7  9 11 |   8  6  5 11  3  8 14 10  5  1  6 11  9 12 |  13
 169: FU   4  5  3  6  3  6  2  5  4  1  3  7  9  2 |   8  6  5 11  4  7  9  5  5  4  4  7 10  2 |  12
 170: FU   2  5  3  5  3  2  4 10  7  2  3  7  8  5 |   4  6  5 12  4  8  9  3  9  2  6  7 10 12 |  14
 171: FU   4  6  5  7  3  6  1 10  4  1  3  7  4  7 |   7  6  9  8  4 10  9 10 10  2  4  7  9 11 |  15
 172: MU   4  2  3  3  4  4 17 10  7  1  6  7  8 11 |   6  5  9 11  5  7 17 12  7  1  6  7  9 14 |  3
 173: MU   4  5  1  6  3  7  2  3  3  1  6  7  5  8 |   4  6  3 12  4  8  5 10 10  4  9  7  9 10 |  16
 174: MU   4  5  3  6  3  6  8  2  5  3  3  4  9  2 |   8  5  5 13  5  7  8  8  7  3  4  7 11  3 |  0
 175: FU   6  2  5  3  3  4  9  8  4  1  3 10  5 10 |   7  5  5 13  4 10 12 10  9  2  4 14  8 12 |  10
 176: FU   4  3  1 10  1  4  1  3  3  1  3  7  8  2 |   8  5  3 12  7  7  7  8  4  1  4 14 10 11 |  10
 177: FU   4  3  5  9  4  8  5 10  5  2  3  7  8  6 |   9  6  5 13  5  9 12 11  7  2  4  8  9 11 |  16
 178: FU   4  2  5  4  2  2 10  5  5  1  4  8  8  6 |   4  5  9  4  4  4 13 10  7  2  4 12 12  7 |  11
 179: FU   8  6  3  6  0  4  1  5  3  1  3  7  5  2 |   9  6  5  7  0  6 10 10  7  2  3  7  6 14 |  6
 180: FU   7  5  9 11  4  6 12  6  5  1  4 11  6  7 |   8  7  9 12  5  6 12 10  7  2  4 11  9 13 |  17
 181: FU   8  2  2  7  2  4  5  4  9  2  3  7  6  6 |   8  5  5 12  3  6 10  8  9  4  4 12  8  6 |  11
 182: FU   4  5  3  4  3  3  1  8  5  1  3  7  5  6 |   6  5  4  4  6  4 10 10  7  2  4 18  8  6 |  16
 183: FU   7  3  2  4  3  4  8  6  4  2  3  7  8  7 |   8  3  9  9  4  8 13  8  5  4  3  7 12 11 |  1
 184: FU   6  5  2  2  3  6  8  2  4  2  3  4 10  2 |   7  5  5 12  4  6 12  6  5  3  4  7 12  7 |  6
 185: FU   4  3  9  2  2  4 12  5  5  1  3  8 12  7 |   7  5  9  4  4  8 13  5  5  1  4 11 12 14 |  5
 186: FU   4  5  1  9  2  4  8  5  3  1  3  7  9  7 |   4  7  3 14  4  6 13  6  7  5 10 11  9  7 |  12
 187: FU   1  5  4  3  3  3 10  8  7  1  3  7  5  6 |   4  8  9  4  7  9 12 10  7  1  3 18  9 12 |  10
 188: FU   4  3  5  2  3  2  4  2  3  1  3  9  9  2 |   4  5  5 13  4  4 13 11  4  1  3 11  9  2 |  3
 189: FU   4  7  5  8  4  3  4  5  4  4  2  7  9 12 |   7  8  5  9  5  4 10 10  5  4  3 11 10 12 |  4
 190: FU   8  2  2  7  2  4  5  4  9  2  3  7  6  6 |   8  5  5 12  3  6 10  8  9  4  4 12  8  6 |  11
 191: FU   4  5  4  7  3  3  5 10  3  1  3  7  8  2 |   4  7  5  9  4  6 12 10  3  1  4 15  9 12 |  14
 192: FU   4  5  5  2  3  3  1  6  5  1  3 12  5  2 |   7  5  5 14  5  9 12 11  5  1  3 13  8  6 |  10
 193: FU   4  5  1  6  3  3  1  4  5  2  3  7  8  4 |   6  6  1  9  6  3 10  5  9  3  6  7 12 12 |  7
 194: FU   4  5  3  7  2  3 12 11  5  1  3  7  8  6 |   8  5  5 17  4  6 15  5 10  4  3 13  9 11 |  5
 195: MU   7  5  3  7  3  4 12  5  4  1  3  7  4 11 |   8  6  5  8  4  6 12 10 11  2  4 13  9 13 |  10
 196: FU   7  3  0  2  3  6  8  6  2  3  3  7  8  2 |   8  5  0  2  4  9 12 10  5  4  3 14 12 14 |  16
 197: FU   4  5  2  9  3  3  1 10  3  4  4  7  9  4 |  10  7  5 14  5  4 12  8  5  5  6  8 10  6 |  2
 198: MU   4  5  1  9  4  6  5  5  7  1  3 10  7 11 |   7  6  2 17  5  8 13 10  7  1  6 13 12 12 |  14
 199: FU   8  5  2  3  2  3  8  8  7  1  3  7  3  2 |   8  5  5  9  4  4 10  8  9  4  6 11  5 12 |  1
 200: FU   6  5  2  2  3  6  8  6  4  2  3  4 10  2 |   7  5  5 12  4  6 12  2  5  3  4  7 12  7 |  0
 201: FU   4  2  4  3  3  3  5  8  4  1  3  7  5  7 |   8  8  5  9  6 10 12  8  7  4 12  7  9 12 |  15
 202: FU   7  3  2  4  3  4  8  6  4  2  3  7  8  7 |   8  3  9  9  4  8 13  8  5  4  3  7 12 11 |  11
 203: FU   4  5  3  7  2  3  7  6  5  1  3  7  8  6 |   8  5  5 14  3  9 12 11  5  1  3 13  8  6 |  0
 204: MU   4  5  3  4  3  3  1 10  3  1  3  7  9  2 |   4  6  4  9  5  3  5 10  7  4  3  7  9  7 |  16
 205: FU   4  3  5  2  3  2  4 11  3  1  3  9  9  2 |   4  5  5 13  4  4 13  2  4  1  3 11  9  2 |  3
 206: FU   5  3  8  4  4  9  5  8  4  4  3  2  5  4 |   8  5  9  9  6 10 10 11  4  4  6  7  8 11 |  8
 207: FU   8  5  1  8  3  3  3  8  4  2  3  8  9  4 |   8  8  5 11  3 11  9 10  4  2  7 11 13 12 |  17
 208: FU   7  5  5  6  4 10  5 10  4  2  4 13  9  9 |   8  6  5 12  7 11  7 10  7  2  4 11 14 11 |  1
 209: FU   4  5  3  4  2  4  1  5  4  2  3  7  8  4 |   8  6  5  8  4 11  3  8  4  4  3 11 10 11 |  0
 210: FU   4  5  3 13  6  3  1 10  7  1  3  8  9  4 |   8  8  5 17  6  6  8 10  7  3  6 12 10 11 |  7
 211: FU   4  5  3  9  4  6  9  5  4  2  3  7  2  2 |   8  8  3  9  4 11 13 10  5  2  3 13  5 12 |  2
 212: FU   4  2  1  2  4  9  9 10  3  1  3  7  5 11 |   8  5  3 12  6 10 13  5  9  2  4  7 11 12 |  7
 213: FU   4  3  3  9  4  1  9  8  3  1  3 13 10 11 |   8  5  7 13  4  4 10 11  3  4  3 14 14 12 |  8
 214: FU   4  5  1  4  3  7  3  5  4  2  3  7  5  4 |   8  6  5  8  3 11  8  8  4  2  3 11 12 11 |  3
 215: FU   1  6  1 12  4  3  1  5  3  1  3  2  5  4 |   1  8  5 13  7 13  7 10  5  2  3  7 11 12 |  11
 216: FU   4  5  1 10  6  6  7 10  4  1  6  8 10  4 |   8  5  5 13  6  8  8 10  7  3  7 13 10  6 |  10
 217: FU   2  5  2 11  6  4  0  2  2  1  4  7  5  2 |   8  6  5 13  6  7  0 11  4  3  6  8 13 11 |  15
 218: FU   6  2  3  5  4  6  4 10  4  1  3  7  9  3 |   8  5  5 14  5 10  7 11  5  2  5 13 10 11 |  3
 219: FU   1  5  1  7  3  4  1  8  4  1  4  9  5  4 |   8  6  1  7  4 13  9  8  5  2  6 12 12  5 |  9
 220: FU   8  5  3  9  4  4  1 10  4  1  3  2  2  5 |   8  5  5 14  4 11  4  6  5  1  3  7 12  7 |  9
 221: FU   6  8  5  2  3  6  4 10  4  2  3  7  9  3 |   8  8  5  9  5  7 13 10  9  2  3 13 11  9 |  14
 222: FU   6  2  3  5  5  4  7  2  5  2  5 13  9  2 |   8  5  5  9  5 10  9 11  5  2  6 14 10  3 |  15
 223: FU   4  5  1  4  4  6  2 10  3  1  3  7  8 11 |   8  8  5  9  5  9 12 11  4  2  4 13 12 12 |  1
 224: FU   4  3  2  9  4  6 13  5  4  1  3  7  2  9 |   4  8  3  9  4 11 13 10  4  1  3  9  5 11 |  9
 225: FU   5  2  5 11  2  4  5  6  2  1  4  7  5  2 |   8  5  5 12  6  8  8  9  2  5  6 16  5  4 |  1
 226: FU   4  5  3  2  2  6  4 10  5  1  3  7  8  3 |   6  8  5 11  3  6 13 10  9  2  3  7  9  4 |  15
 227: FU   1  2  1 11  4  8  9  8  4  1  4 12 11  4 |   8  5  3 12  8  8  9  8  5  4  6 13 12  7 |  7
 228: FU   5  8  3  4  4  3  7  5  4  2  3  8  8  2 |   6  8  9  9  4 10 10 11  5  4  5 11  9  4 |  16
 229: FU   8  2  1  2  5 10  4 10  5  2  3  7  2  3 |   8  5  5  5  5 11  9 11  5  2  5 13  9 12 |  9
 230: FU   6  2  5  6  4  8  4 11  3  2  3 11  5  4 |   7  6  5  9  8 11  5 10  4  4  4 12  9 11 |  9
 231: FU   6  5  5  4  3  9  3  8  4  2  3 11 10  4 |   8  6  5  4  3 11 18 11  7  4  4 15 12 11 |  6
 232: FU   4  5  1  6  2  8  6  2  4  2  3  7  3  2 |   7  6 11 12  4 13  6  8  9  3  3  7  6 11 |  17
 233: FU   8  5  1  2  4  7  8  8  4  1  3  7  8  5 |   8  8  6 13  4  9  8 10  7  4  3 15  8 11 |  8
 234: FU   8  3  1 11  3  3  3 10  4  1  3  7  2  4 |   9  5  2 11  5  9  4 10  4  2  4  8  9 11 |  5
 235: FU   6  5  1  7  3 10  1  8  4  1  4  3  5  5 |   8  5  9 13  4 13 10 10  5  2  5 12 10  5 |  3
 236: MU   4  2  5  4  2  9  4  5  4  1  3  8  9  5 |   6  5  5 11  2 13  8 10  5  4  8 13 11 11 |  15
 237: FU   1  5  2 12  4  6  7  6  3  2  3  7  3  4 |   8  8  5 13  7  9 10 10  4  4  6 13 11 11 |  13
 238: FU   6  3  5  6  3  7  7  2  2  1  3  7  9  2 |   8  5  9 12  5  8  9 10  2  1  4 15 14  6 |  3
 239: MU   2  5  2  5  2  7  9 10  5  1  4  7  5  4 |   8  6  7  6  7  7  9 10  7  1  4 11  7 12 |  3
 240: MU   8  6  4  4  4  3  7 10  4  2  3  7  6  2 |   8  8 11  5  5  7 14 11  4  2  4  7  9  4 |  8
 241: MU   6  6  7  4  4  3 10  5  3  1  6  7  5  2 |   9  6  7 12  5 10 16 10  5  1  7  7  6 12 |  5
 242: FU   4  5  5  6  4  9  9 10  8  2  3 15  9  2 |   8  5  5  6  6 10  9  5  8  2  7 15  9  4 |  6
 243: FU   4  5  3 12  3  7  7 10  3  2  4 11  5 10 |   8  5 11 13  4 11 10 10  4  4  5 15  5 12 |  2
 244: MU   7  5  1  9  3  7  5  8  7  2  3  8  5  2 |   9  5  3 17  3  8 12 10 11  2  3 12  9  7 |  0
 245: MU   5  5  5  8  3  7  9 10  2  1  3  7  9  7 |   9  8 11 10  4  8 13 10  9  2  6 12 13 10 |  13
 246: MU   4  5  3 10  4  3  9 11  7  1  3  7  8  2 |   8  5  9 12  7  4 12  8  7  2  3  7  9  2 |  7
 247: FU   4  2  1  7  2  9  0  9  7  1  3  7  8  4 |   7  5 12 12  7 11  0 10  7  2  3  7  9 12 |  16
 248: FU   4  6  3  8  3  9  7  5  5  2  4  7  9 11 |   6  6 12 12  4 10  9  9  7  2  4 11 10 12 |  0
 249: FU   8  5  2 12  3  4  7  5  2  1  3 15  2  7 |   8  5  3 12  3  9 13 11  4  2  4 19 10 11 |  9
 250: FU   8  5  3  3  3  9  9  8  2  1  4 15  8  2 |   8  5  5 12  4  9 13 11  7  2 12 15 10 11 |  5
 251: FU   4  8  4  2  4  8  7  5  2  1  3 13 10  3 |   6  8 11  3  6  9  9  8  9  2  4 15 10 12 |  5
 252: FU   6  5  1 12  4  4 10  5  3  4  3  7  5 12 |   7  5  5 12  7  8 10 10  9  4  4 13  8 12 |  13
 253: FU   2  5  1  7  3  0  9  5  5  1  0  8  5  2 |   8  5  1  7  3  0  9  5  5  1  0  8  5  2 |  12
 254: FU   6  5  3  3  4  7  7  8  2  2  3  8 11  2 |   8  6 11  9  6  9 13  8  2  1  4 16 11 14 |  16
 255: FU   4  5  5  9  3  7  7  5  2  1  3  8 10  4 |   4  8 12 16  3  9 12  5  2  4 10 16 11 14 |  9
 256: FU   4  5  3 10  3  3 13  0  3  1  4  8 11  2 |   4  5  5 10  4  8  9  0  5  1  4 15 12  2 |  8
 257: FU   3  5  2 10  3  9  4 10  5  1  3 19  2  4 |   8  5  2 10  3  9  8 10  7  4  3  7  2 11 |  0
 258: FU   4  5  5 12  4  8 12  8  7  2  3 11  7  2 |   4  5  5 16  6  9 12 11  8  2  3 13  9 11 |  10
 259: FU   1  5  2 12  3  3  7  5  5  1  3  8  1  2 |   6  5 12 12  4  9  7 11  5  2  3  8  7 11 |  16

